0.05	0 0 0.333333333333333 0.333333333333333 NA NA NA 0 0 NA NA
0.05	0 0 0.333333333333333 0.333333333333333 NA NA NA 0 0 NA NA
0.05	0 0 0.333333333333333 0.333333333333333 NA NA NA 0 0 NA NA
0.05	0 0 0.333333333333333 0.333333333333333 NA NA NA 0 0 NA NA
0.05	0 0 0.333333333333333 0.333333333333333 NA NA NA 0 0 NA NA
0.05	0 0 0.333333333333333 0.333333333333333 NA NA NA 0 0 NA NA
0.05	0 0 0.333333333333333 0.333333333333333 NA NA NA 0 0 NA NA
0.05	0 0 0.333333333333333 0.333333333333333 NA NA NA 0 0 NA NA
0.05	0 0 0.333333333333333 0.333333333333333 NA NA NA 0 0 NA NA
0.05	0 0 0.333333333333333 0.333333333333333 NA NA NA 0 0 NA NA
0.05	0 0 0.333333333333333 0.333333333333333 NA NA NA 0 0 NA NA
0.05	0 0 0.333333333333333 0.333333333333333 NA NA NA 0 0 NA NA
0.05	0 0 0.333333333333333 0.333333333333333 NA NA NA 0 0 NA NA
0.05	0 0 0.333333333333333 0.333333333333333 NA NA NA 0 0 NA NA
0.05	0 0 0.333333333333333 0.333333333333333 NA NA NA 0 0 NA NA
0.05	0 0 0.333333333333333 0.333333333333333 NA NA NA 0 0 NA NA
0.05	0 0 0.333333333333333 0.333333333333333 NA NA NA 0 0 NA NA
0.05	0 0 0.333333333333333 0.333333333333333 NA NA NA 0 0 NA NA
0.05	0 0 0.333333333333333 0.333333333333333 NA NA NA 0 0 NA NA
0.05	0 0 0.333333333333333 0.333333333333333 NA NA NA 0 0 NA NA
0.75	0 0 0.333333333333333 0.333333333333333 NA NA NA 0 0 NA NA
0.75	0 0 0.333333333333333 0.333333333333333 NA NA NA 0 0 NA NA
0.75	0 0 0.333333333333333 0.333333333333333 NA NA NA 0 0 NA NA
0.75	0 0 0.333333333333333 0.333333333333333 NA NA NA 0 0 NA NA
0.75	0 0 0.333333333333333 0.333333333333333 NA NA NA 0 0 NA NA
0.75	0 0 0.333333333333333 0.333333333333333 NA NA NA 0 0 NA NA
0.75	0 0 0.333333333333333 0.333333333333333 NA NA NA 0 0 NA NA
0.75	0 0 0.333333333333333 0.333333333333333 NA NA NA 0 0 NA NA
0.75	0 0 0.333333333333333 0.333333333333333 NA NA NA 0 0 NA NA
0.75	0 0 0.333333333333333 0.333333333333333 NA NA NA 0 0 NA NA
0.75	0 0 0.333333333333333 0.333333333333333 NA NA NA 0 0 NA NA
0.75	0 0 0.333333333333333 0.333333333333333 NA NA NA 0 0 NA NA
0.75	0 0 0.666666666666667 0.666666666666667 682 NA NA 0 0 0 0
0.75	0 0 0.333333333333333 0.333333333333333 NA NA NA 0 0 NA NA
0.75	0 0 0.333333333333333 0.333333333333333 NA NA NA 0 0 NA NA
0.75	0 0 0.333333333333333 0.333333333333333 NA NA NA 0 0 NA NA
0.75	0 0 0.333333333333333 0.333333333333333 NA NA NA 0 0 NA NA
0.75	0 0 0.333333333333333 0.333333333333333 NA NA NA 0 0 NA NA
0.75	0 0 0.333333333333333 0.333333333333333 NA NA NA 0 0 NA NA
0.75	0 0 0.333333333333333 0.333333333333333 NA NA NA 0 0 NA NA
1.95	0 0 0.333333333333333 0.333333333333333 NA NA NA 0 0 NA NA
1.95	0 0 0.333333333333333 0.333333333333333 NA NA NA 0 0 NA NA
1.95	0 0 0.333333333333333 0.333333333333333 NA NA NA 0 0 NA NA
1.95	0 0 0.333333333333333 0.333333333333333 NA NA NA 0 0 NA NA
1.95	0 0 0.333333333333333 0.333333333333333 NA NA NA 0 0 NA NA
1.95	0 0 0.666666666666667 0.666666666666667 97.5 NA NA 0 0 0 0
1.95	0 0 0.333333333333333 0.333333333333333 NA NA NA 0 0 NA NA
1.95	0 0 0.666666666666667 0.666666666666667 490.5 NA NA 0 0 0 0
1.95	0 0 0.333333333333333 0.333333333333333 NA NA NA 0 0 NA NA
1.95	5.33333333333333 5.33333333333333 0.333333333333333 0.333333333333333 NA NA NA 0 0 NA NA
1.95	0 0 0.333333333333333 0.333333333333333 NA NA NA 0 0 NA NA
1.95	0 0 0.333333333333333 0.333333333333333 NA NA NA 0 0 NA NA
1.95	0 0 0.666666666666667 0.666666666666667 149.5 NA NA 0 0 0 0
1.95	0 0 0.333333333333333 0.333333333333333 NA NA NA 0 0 NA NA
1.95	10.6666666666667 5.36449231314369 0.333333333333333 0.333333333333333 NA NA NA 0 0 NA NA
1.95	0 0 0.666666666666667 0.666666666666667 401 NA NA 0 0 0 0
1.95	0 0 0.666666666666667 0.666666666666667 448 NA NA 0 0 0 0
1.95	10 10 0.333333333333333 0.333333333333333 NA NA NA 0 0 NA NA
1.95	5.33333333333333 5.33333333333333 0.333333333333333 0.333333333333333 NA NA NA 0 0 NA NA
1.95	0 0 0.666666666666667 0.666666666666667 94 NA NA 0 0 0 0
2.95	0 0 0.333333333333333 0.333333333333333 NA NA NA 0 0 NA NA
2.95	0 0 0.333333333333333 0.333333333333333 NA NA NA 0 0 NA NA
2.95	0 0 0.333333333333333 0.333333333333333 NA NA NA 0 0 NA NA
2.95	0 0 0.333333333333333 0.333333333333333 NA NA NA 0 0 NA NA
2.95	5.33333333333333 5.33333333333333 0.666666666666667 0.666666666666667 183.5 NA NA 0 0 0 0
2.95	5.33333333333333 5.33333333333333 0.333333333333333 0.333333333333333 NA NA NA 0 0 NA NA
2.95	0 0 0.666666666666667 0.666666666666667 433.5 NA NA 0 0 0 0
2.95	0 0 0.333333333333333 0.333333333333333 NA NA NA 0 0 NA NA
2.95	0 0 0.666666666666667 0.666666666666667 285 NA NA 0 0 0 0
2.95	5.33333333333333 5.33333333333333 0.333333333333333 0.333333333333333 NA NA NA 0 0 NA NA
2.95	10 10 0.666666666666667 0.666666666666667 403 NA NA 0 0 0 0
2.95	0 0 0.333333333333333 0.333333333333333 NA NA NA 0 0 NA NA
2.95	0 0 0.333333333333333 0.333333333333333 NA NA NA 0 0 NA NA
2.95	5.33333333333333 5.33333333333333 0.666666666666667 0.666666666666667 120 NA NA 0 0 0 0
2.95	0 0 0.333333333333333 0.333333333333333 NA NA NA 0 0 NA NA
2.95	0 0 0.666666666666667 0.666666666666667 207 NA NA 0 0 0 0
2.95	0 0 0.333333333333333 0.333333333333333 NA NA NA 0 0 NA NA
2.95	0 0 1 1 230.75 77.25 109.247997693322 0 0 0 0
2.95	5.33333333333333 5.33333333333333 0.333333333333333 0.333333333333333 NA NA NA 0 0 NA NA
2.95	0 0 0.333333333333333 0.333333333333333 NA NA NA 0 0 NA NA
4.45	5.33333333333333 5.33333333333333 0.666666666666667 0.666666666666667 166 NA NA 0 0 0 0
4.45	5.33333333333333 5.33333333333333 0.333333333333333 0.333333333333333 NA NA NA 0 0 NA NA
4.45	5.33333333333333 5.33333333333333 1 1 148.75 19.75 27.9307178568686 0 0 0 0
4.45	0 0 0.666666666666667 0.666666666666667 110 NA NA 0 0 0 0
4.45	10 10 0.666666666666667 0.666666666666667 179 NA NA 0 0 0 0
4.45	0 0 1 1 140.75 23.25 32.8804653251745 0 0 0 0
4.45	10 10 0.333333333333333 0.333333333333333 NA NA NA 0 0 NA NA
4.45	10 10 0.666666666666667 0.666666666666667 124.5 NA NA 0 0 0 0
4.45	5.33333333333333 5.33333333333333 1 1 147.75 14.25 20.1525432638166 0 0 0 0
4.45	0 0 1 1 205 17.5 24.7487373415292 0 0 0 0
4.45	10.6666666666667 5.36449231314369 1 1 137.5 72.5 102.530483272049 0 0 0 0
4.45	10 10 0.666666666666667 0.666666666666667 127.5 NA NA 0 0 0 0
4.45	5.33333333333333 5.33333333333333 0.666666666666667 0.666666666666667 163.5 NA NA 0 0 0 0
4.45	5.33333333333333 5.33333333333333 1 1 120.25 7.25 10.2530483272049 0 0 0 0
4.45	0 0 0.666666666666667 0.666666666666667 127.5 NA NA 0 0 0 0
4.45	0 0 1 1 102.25 56.75 80.2566196646731 0 0 0 0
4.45	0 0 1 1 50.75 17.25 24.3951839509359 0 0 0 0
4.45	10 10 0.666666666666667 0.666666666666667 85.5 NA NA 0 0 0 0
4.45	10.6666666666667 5.36449231314369 1 1 71.5 11 15.556349186104 0 0 0 0
4.45	10 10 0.666666666666667 0.666666666666667 109.5 NA NA 0 0 0 0
7.87	0 0 1 1 55.75 3.25 4.59619407771256 0 0 0 0
7.87	0 0 1.33333333333333 1.33333333333333 85.5 16.2095650774473 28.0757902827329 0 0 0 0
7.87	0 0 0.666666666666667 0.666666666666667 64.5 NA NA 0 0 0 0
7.87	10.6666666666667 5.36449231314369 1.33333333333333 1.33333333333333 86.6666666666667 24.977211836214 43.2617999317335 0 0 0 0
7.87	10.6666666666667 5.36449231314369 1.66666666666667 1.66666666666667 81.25 18.8464187579497 37.6928375158995 0 0 0 0
7.87	10.6666666666667 5.36449231314369 1.33333333333333 1.33333333333333 98.3333333333333 22.6243477499598 39.186519791037 0 0 0 0
7.87	10 10 1.66666666666667 1.66666666666667 113.125 26.0243275609573 52.0486551219145 0 0 0 0
7.87	0 0 1 1 132 40.5 57.2756492761104 0 0 0 0
7.87	0 0 0.666666666666667 0.666666666666667 96 NA NA 0 0 0 0
7.87	0 0 1.33333333333333 1.33333333333333 87.5 34.1113373137632 59.0825693415579 0 0 0 0
7.87	10.6666666666667 5.36449231314369 0.666666666666667 0.666666666666667 159 NA NA 0 0 0 0
7.87	5.33333333333333 5.33333333333333 1.66666666666667 1.66666666666667 92 29.8642763180359 59.7285526360718 0 0 0 0
7.87	0 0 1.33333333333333 1.33333333333333 84.8333333333333 18.5838938629963 32.188248373177 0 0 0 0
7.87	0 0 1.66666666666667 1.66666666666667 61.875 16.2677787358938 32.5355574717877 0 0 0 0
7.87	10.6666666666667 5.36449231314369 1 1 109 54.5 77.0746391493337 0 0 0 0
7.87	5.33333333333333 5.33333333333333 1.33333333333333 1.33333333333333 73.5 17.3877351409933 30.1164406927512 0 0 0 0
7.87	0 0 2 2 102.2 20.458861160876 45.747404297949 0 0 0 0
7.87	10 10 1 1 132.75 39.75 56.2149891043305 0 0 0 0
7.87	10.6666666666667 5.36449231314369 1.33333333333333 1.33333333333333 96 27.5272592170016 47.6786115569655 0 0 0 0
7.87	10.6666666666667 5.36449231314369 1.33333333333333 1.33333333333333 89.3333333333333 27.2829820787815 47.2555111424407 0 0 0 0
14	10 10 2.33333333333333 2.33333333333333 74.0833333333333 10.7404350211919 26.3085854174387 0 0 0 0
14	10.6666666666667 5.36449231314369 2.33333333333333 2.33333333333333 69.9166666666667 14.926160851933 36.5614779059418 0 0 0 0
14	10.6666666666667 5.36449231314369 2.66666666666667 2.66666666666667 72.0714285714286 10.7965098921059 28.564880201961 0 0 0 0
14	10.6666666666667 5.36449231314369 2.33333333333333 2.33333333333333 80.9166666666667 11.0056172526175 26.9581465732841 0 0 0 0
14	5.33333333333333 5.33333333333333 2.66666666666667 2.66666666666667 72.2142857142857 11.8346027871345 31.3114158399898 0 0 0 0
14	10.6666666666667 5.36449231314369 2.33333333333333 2.33333333333333 77.5833333333333 12.0349606471221 29.4795126599248 0 0 0 0
14	5.33333333333333 5.33333333333333 2.33333333333333 2.33333333333333 75.8333333333333 7.95054156086937 19.4747700029209 0 0 0 0
14	10.6666666666667 5.36449231314369 2.66666666666667 2.66666666666667 70.7857142857143 11.8837910531917 31.4415557593995 0 0 0 0
14	10.6666666666667 5.36449231314369 2.33333333333333 2.33333333333333 79.8333333333333 12.7545198960125 31.2420656594065 0 0 0 0
14	10 10 2.33333333333333 2.33333333333333 83 11.4956513517069 28.1584800726176 0 0 0 0
14	10.6666666666667 5.36449231314369 2.33333333333333 2.33333333333333 68.6666666666667 13.7935169957162 33.7870783979122 0 0 0 0
14	10.6666666666667 5.36449231314369 2.66666666666667 2.66666666666667 72.2142857142857 12.4799158378463 33.0187536899577 0 0 0 0
14	10.6666666666667 5.36449231314369 2 2 73.3 12.4555208642594 27.8513913476508 0 0 0 0
14	5.33333333333333 5.33333333333333 2.66666666666667 2.66666666666667 76 12.6052710063234 33.3504122913046 0 0 0 0
14	5.33333333333333 5.33333333333333 2 2 80.5 13.4042903579414 29.9729044305019 0 0 0 0
14	10 10 2.33333333333333 2.33333333333333 65.75 12.50516559933 30.6312748673639 0 0 0 0
14	10.6666666666667 5.36449231314369 2.66666666666667 2.66666666666667 73.7142857142857 12.3388937640182 32.6456443532379 0 0 0 0
14	10.6666666666667 5.36449231314369 2 2 67.3 16.5110569013616 36.9198456118115 0 0 0 0
14	5.33333333333333 5.33333333333333 2 2 79.2 18.0939216313103 40.4592387471638 0 0 0 0
14	10.6666666666667 5.36449231314369 2.33333333333333 2.33333333333333 78.9166666666667 11.3265298206369 27.744218616978 0 0 0 0
1.35	0 0 0.333333333333333 0.333333333333333 NA NA NA 0 0 NA NA
1.35	0 0 0.333333333333333 0.333333333333333 NA NA NA 0 0 NA NA
1.35	0 0 0.333333333333333 0.333333333333333 NA NA NA 0 0 NA NA
1.35	0 0 0.333333333333333 0.333333333333333 NA NA NA 0 0 NA NA
1.35	5.33333333333333 5.33333333333333 0.333333333333333 0.333333333333333 NA NA NA 0 0 NA NA
1.35	0 0 0.666666666666667 0.666666666666667 469.5 NA NA 0 0 0 0
1.35	0 0 0.333333333333333 0.333333333333333 NA NA NA 0 0 NA NA
1.35	0 0 0.333333333333333 0.333333333333333 NA NA NA 0 0 NA NA
1.35	0 0 0.333333333333333 0.333333333333333 NA NA NA 0 0 NA NA
1.35	0 0 0.333333333333333 0.333333333333333 NA NA NA 0 0 NA NA
1.35	0 0 0.333333333333333 0.333333333333333 NA NA NA 0 0 NA NA
1.35	0 0 0.333333333333333 0.333333333333333 NA NA NA 0 0 NA NA
1.35	0 0 0.333333333333333 0.333333333333333 NA NA NA 0 0 NA NA
1.35	0 0 0.333333333333333 0.333333333333333 NA NA NA 0 0 NA NA
1.35	0 0 0.333333333333333 0.333333333333333 NA NA NA 0 0 NA NA
1.35	0 0 0.333333333333333 0.333333333333333 NA NA NA 0 0 NA NA
1.35	0 0 0.333333333333333 0.333333333333333 NA NA NA 0 0 NA NA
1.35	0 0 0.333333333333333 0.333333333333333 NA NA NA 0 0 NA NA
1.35	0 0 0.333333333333333 0.333333333333333 NA NA NA 0 0 NA NA
1.35	0 0 0.666666666666667 0.666666666666667 381.5 NA NA 0 0 0 0
3.225	0 0 0.666666666666667 0.666666666666667 234 NA NA 0 0 0 0
3.225	10 10 0.333333333333333 0.333333333333333 NA NA NA 0 0 NA NA
3.225	0 0 0.333333333333333 0.333333333333333 NA NA NA 0 0 NA NA
3.225	0 0 0.333333333333333 0.333333333333333 NA NA NA 0 0 NA NA
3.225	5.33333333333333 5.33333333333333 0.666666666666667 0.666666666666667 372 NA NA 0 0 0 0
3.225	0 0 0.666666666666667 0.666666666666667 110 NA NA 0 0 0 0
3.225	0 0 0.333333333333333 0.333333333333333 NA NA NA 0 0 NA NA
3.225	0 0 0.333333333333333 0.333333333333333 NA NA NA 0 0 NA NA
3.225	0 0 0.666666666666667 0.666666666666667 279 NA NA 0 0 0 0
3.225	5.33333333333333 5.33333333333333 0.333333333333333 0.333333333333333 NA NA NA 0 0 NA NA
3.225	10 10 0.666666666666667 0.666666666666667 477.5 NA NA 0 0 0 0
3.225	10 10 0.666666666666667 0.666666666666667 37 NA NA 0 0 0 0
3.225	5.33333333333333 5.33333333333333 1 1 153 30.5 43.1335136523794 0 0 0 0
3.225	0 0 0.333333333333333 0.333333333333333 NA NA NA 0 0 NA NA
3.225	0 0 0.666666666666667 0.666666666666667 161 NA NA 0 0 0 0
3.225	0 0 0.666666666666667 0.666666666666667 120.5 NA NA 0 0 0 0
3.225	0 0 0.333333333333333 0.333333333333333 NA NA NA 0 0 NA NA
3.225	0 0 0.333333333333333 0.333333333333333 NA NA NA 0 0 NA NA
3.225	0 0 0.666666666666667 0.666666666666667 122 NA NA 0 0 0 0
3.225	10 10 0.333333333333333 0.333333333333333 NA NA NA 0 0 NA NA
1000	10.6666666666667 5.36449231314369 2.66666666666667 2.66666666666667 70 11.8079876112982 31.2409987036266 0 0 0 0
1000	10.6666666666667 5.36449231314369 2.66666666666667 2.66666666666667 70 11.8079876112982 31.2409987036266 0 0 0 0
1000	10.6666666666667 5.36449231314369 2.66666666666667 2.66666666666667 70 11.8079876112982 31.2409987036266 0 0 0 0
1000	10.6666666666667 5.36449231314369 2.66666666666667 2.66666666666667 70 11.8079876112982 31.2409987036266 0 0 0 0
1000	10.6666666666667 5.36449231314369 2.66666666666667 2.66666666666667 70 11.8079876112982 31.2409987036266 0 0 0 0
1000	10.6666666666667 5.36449231314369 2.66666666666667 2.66666666666667 70 11.8079876112982 31.2409987036266 0 0 0 0
1000	10.6666666666667 5.36449231314369 2.66666666666667 2.66666666666667 70 11.8079876112982 31.2409987036266 0 0 0 0
1000	10.6666666666667 5.36449231314369 2.66666666666667 2.66666666666667 70 11.8079876112982 31.2409987036266 0 0 0 0
1000	10.6666666666667 5.36449231314369 2.66666666666667 2.66666666666667 70 11.8079876112982 31.2409987036266 0 0 0 0
1000	10.6666666666667 5.36449231314369 2.66666666666667 2.66666666666667 70 11.8079876112982 31.2409987036266 0 0 0 0
1000	10.6666666666667 5.36449231314369 2.66666666666667 2.66666666666667 70 11.8079876112982 31.2409987036266 0 0 0 0
1000	10.6666666666667 5.36449231314369 2.66666666666667 2.66666666666667 70 11.8079876112982 31.2409987036266 0 0 0 0
1000	10.6666666666667 5.36449231314369 2.66666666666667 2.66666666666667 70 11.8079876112982 31.2409987036266 0 0 0 0
1000	10.6666666666667 5.36449231314369 2.66666666666667 2.66666666666667 70 11.8079876112982 31.2409987036266 0 0 0 0
1000	10.6666666666667 5.36449231314369 2.66666666666667 2.66666666666667 70 11.8079876112982 31.2409987036266 0 0 0 0
1000	10.6666666666667 5.36449231314369 2.66666666666667 2.66666666666667 70 11.8079876112982 31.2409987036266 0 0 0 0
1000	10.6666666666667 5.36449231314369 2.66666666666667 2.66666666666667 70 11.8079876112982 31.2409987036266 0 0 0 0
1000	10.6666666666667 5.36449231314369 2.66666666666667 2.66666666666667 70 11.8079876112982 31.2409987036266 0 0 0 0
1000	10.6666666666667 5.36449231314369 2.66666666666667 2.66666666666667 70 11.8079876112982 31.2409987036266 0 0 0 0
1000	10.6666666666667 5.36449231314369 2.66666666666667 2.66666666666667 70 11.8079876112982 31.2409987036266 0 0 0 0
