chr start end mid COcount NCOcount SNPcount cross Introgression CO_NCO_ratio telomere_dist homology
1 1 20000 10000.5 0 0 0 natural 0 NA 10000.5 0.998349917495875
1 20001 40000 30000.5 0 0 1 natural 0 NA 30000.5 0.999949997499875
1 40001 60000 50000.5 7 9.28505106778087 26 natural 0 0.7539 50000.5 0.99869993499675
1 60001 80000 70000.5 5 0 40 natural 0 Inf 70000.5 0.997999899995
1 80001 1e+05 90000.5 3 10.3626943005181 52 natural 0 0.2895 90000.5 0.9973998699935
1 100001 120000 110000.5 14 0 19 natural 0 Inf 79980.5 0.998374918745937
1 120001 140000 130000.5 0 0 39 natural 0 NA 59980.5 0.998049902495125
1 140001 160000 150000.5 25 0 1 natural 0 Inf 39980.5 0.999849992499625
1 160001 180000 170000.5 12 20.9041024301019 95 natural 0 0.57405 19980.5 0.995199759987999
1 180001 2e+05 190000.5 1 6.18046971569839 34 natural 0 0.1618 0 0.998174908745437
2 1 20000 10000.5 4 0 36 natural 0 Inf 10000.5 0.994299714985749
2 20001 40000 30000.5 13 15.527950310559 39 natural 0 0.8372 30000.5 0.998049902495125
2 40001 60000 50000.5 4 0 90 natural 0 Inf 50000.5 0.995499774988749
2 60001 80000 70000.5 5 18.2898948331047 57 natural 0 0.273375 70000.5 0.997149857492875
2 80001 1e+05 90000.5 4 11.9521912350598 60 natural 0 0.334666666666667 90000.5 0.9969998499925
2 100001 120000 110000.5 11 0 2 natural 0 Inf 110000.5 0.99989999499975
2 120001 140000 130000.5 4 0 39 natural 0 Inf 130000.5 0.997999899995
2 140001 160000 150000.5 8 0 0 natural 0 Inf 150000.5 1
2 160001 180000 170000.5 11 0 88 natural 0 Inf 170000.5 0.995599779988999
2 180001 2e+05 190000.5 14 21.1416490486258 47 natural 0 0.6622 190000.5 0.996349817490875
2 200001 220000 210000.5 6.75 0 1 natural 0 Inf 210000.5 0.999949997499875
2 220001 240000 230000.5 3.5 0 0 natural 0 Inf 230000.5 1
2 240001 260000 250000.5 6.25 0 6 natural 0 Inf 250000.5 0.99969998499925
2 260001 280000 270000.5 5 0 0 natural 0 Inf 270000.5 1
2 280001 3e+05 290000.5 11.5 14.9700598802395 21 natural 0 0.7682 290000.5 0.998949947497375
2 300001 320000 310000.5 5.5 0 1 natural 0 Inf 310000.5 0.999949997499875
2 320001 340000 330000.5 5 0 0 natural 0 Inf 330000.5 1
2 340001 360000 350000.5 7 0 1 natural 0 Inf 350000.5 0.999949997499875
2 360001 380000 370000.5 7 0 0 natural 0 Inf 370000.5 1
2 380001 4e+05 390000.5 8 0 1 natural 0 Inf 390000.5 0.999949997499875
2 400001 420000 410000.5 7 0 0 natural 0 Inf 410000.5 0.999974998749937
2 420001 440000 430000.5 15.5 0 1 natural 0 Inf 430000.5 0.999949997499875
2 440001 460000 450000.5 0 0 1 natural 0 NA 450000.5 0.999949997499875
2 460001 480000 470000.5 5 0 41 natural 0 Inf 470000.5 0.997949897494875
2 480001 5e+05 490000.5 3.5 0 66 natural 0 Inf 490000.5 0.99669983499175
2 500001 520000 510000.5 7 0 0 natural 0 Inf 510000.5 1
2 520001 540000 530000.5 7 0 0 natural 0 Inf 530000.5 1
2 540001 560000 550000.5 7 0 0 natural 0 Inf 550000.5 1
2 560001 580000 570000.5 7 0 0 natural 0 Inf 570000.5 1
2 580001 6e+05 590000.5 4.5 0 1 natural 0 Inf 590000.5 0.999924996249812
2 600001 620000 610000.5 2 0 0 natural 0 Inf 610000.5 1
2 620001 640000 630000.5 4 0 42 natural 0 Inf 630000.5 0.99789989499475
2 640001 660000 650000.5 1 1.43451441686989 146 natural 0 0.6971 639934.5 0.992699634981749
2 660001 680000 670000.5 5 3.30687830687831 165 natural 0 1.512 619934.5 0.991724586229311
2 680001 7e+05 690000.5 3 0 139 natural 0 Inf 599934.5 0.993049652482624
2 700001 720000 710000.5 15 5.64334085778781 117 natural 0 2.658 579934.5 0.994099704985249
2 720001 740000 730000.5 2 0 248 natural 0 Inf 559934.5 0.987474373718686
2 740001 760000 750000.5 2 0 207 natural 0 Inf 539934.5 0.989599479973999
2 760001 780000 770000.5 11 4.64180721027387 140 natural 0 2.36976666666667 519934.5 0.992999649982499
2 780001 8e+05 790000.5 2 0 158 natural 0 Inf 499934.5 0.991949597479874
2 800001 820000 810000.5 2 0 142 natural 0 Inf 479934.5 0.992899644982249
2 820001 840000 830000.5 4 4.8527984471045 141 natural 0 0.824266666666667 459934.5 0.992949647482374
2 840001 860000 850000.5 4.125 2.30361667818475 81 natural 0 1.7906625 439934.5 0.995949797489874
2 860001 880000 870000.5 6.25 0 0 natural 0 Inf 419934.5 1
2 880001 9e+05 890000.5 6.25 0 0 natural 0 Inf 399934.5 1
2 900001 920000 910000.5 6.25 0 0 natural 0 Inf 379934.5 0.999174958747937
2 920001 940000 930000.5 7.7917 0 1 natural 0 Inf 359934.5 0.9997999899995
2 940001 960000 950000.5 7.3333 0 0 natural 0 Inf 339934.5 1
2 960001 980000 970000.5 7.3333 0 0 natural 0 Inf 319934.5 1
2 980001 1e+06 990000.5 4.6667 0 0 natural 0 Inf 299934.5 0.999749987499375
2 1000001 1020000 1010000.5 6 5 50 natural 0 1.2 279934.5 0.99749987499375
2 1020001 1040000 1030000.5 9 9.86193293885601 35 natural 0 0.9126 259934.5 0.998249912495625
2 1040001 1060000 1050000.5 2 0 61 natural 0 Inf 239934.5 0.996849842492125
2 1060001 1080000 1070000.5 2 0 37 natural 0 Inf 219934.5 0.998149907495375
2 1080001 1100000 1090000.5 7 4.31313349148156 117 natural 0 1.62295 199934.5 0.994149707485374
2 1100001 1120000 1110000.5 6 9.46073793755913 38 natural 0 0.6342 179934.5 0.99809990499525
2 1120001 1140000 1130000.5 1 26.0756192959583 36 natural 0 0.03835 159934.5 0.9981999099955
2 1140001 1160000 1150000.5 2 6.68672684720829 61 natural 0 0.2991 139934.5 0.996849842492125
2 1160001 1180000 1170000.5 12 4.76417341591234 58 natural 0 2.5188 119934.5 0.996949847492375
2 1180001 1200000 1190000.5 4 42.8449014567267 39 natural 0 0.09336 99934.5 0.998049902495125
2 1200001 1220000 1210000.5 1 0 24 natural 0 Inf 79934.5 0.998799939997
2 1220001 1240000 1230000.5 26 0 39 natural 0 Inf 59934.5 0.998049902495125
2 1240001 1260000 1250000.5 4 11.5429011158138 58 natural 0 0.346533333333333 39934.5 0.99709985499275
2 1260001 1280000 1270000.5 50 0 259 natural 0 Inf 19934.5 0.986824341217061
2 1280001 1300000 1290000.5 0 0 101 natural 0 NA 0 0.994349717485874
3 1 20000 10000.5 1 1.60539412425751 199 natural 0 0.6229 10000.5 0.989949497474874
3 20001 40000 30000.5 0 0 4 natural 0 NA 30000.5 0.999649982499125
3 40001 60000 50000.5 7 0 43 natural 0 Inf 50000.5 0.9977998899945
3 60001 80000 70000.5 1 0 90 natural 0 Inf 70000.5 0.995399769988499
3 80001 1e+05 90000.5 3 0 118 natural 0 Inf 90000.5 0.993999699984999
3 100001 120000 110000.5 4 0 43 natural 0 Inf 110000.5 0.997849892494625
3 120001 140000 130000.5 32 13.080444735121 74 natural 0 2.4464 130000.5 0.996299814990749
3 140001 160000 150000.5 5 3.5962598897147 232 natural 0 1.39033333333333 145074.5 0.987249362468123
3 160001 180000 170000.5 10 13.4831460674157 55 natural 0 0.741666666666667 125074.5 0.997249862493125
3 180001 2e+05 190000.5 8 0 22 natural 0 Inf 105074.5 0.998724936246812
3 200001 220000 210000.5 51 0 7 natural 0 Inf 85074.5 0.997649882494125
3 220001 240000 230000.5 1 0 43 natural 0 Inf 65074.5 0.997849892494625
3 240001 260000 250000.5 11 4.40722785368004 62 natural 0 2.4959 45074.5 0.996849842492125
3 260001 280000 270000.5 21 101.214574898785 38 natural 0 0.20748 25074.5 0.997999899995
3 280001 3e+05 290000.5 13 6.84814244136278 160 natural 0 1.898325 5074.5 0.991649582479124
4 1 20000 10000.5 1.5 0 1 natural 0 Inf 10000.5 0.999849992499625
4 20001 40000 30000.5 3 0 0 natural 0 Inf 30000.5 0.99929996499825
4 40001 60000 50000.5 11.5 0 14 natural 0 Inf 50000.5 0.99929996499825
4 60001 80000 70000.5 3 10.0959111559818 60 natural 0 0.29715 70000.5 0.9969998499925
4 80001 1e+05 90000.5 7 24.8756218905473 35 natural 0 0.2814 90000.5 0.998249912495625
4 100001 120000 110000.5 5 10.9529025191676 28 natural 0 0.4565 110000.5 0.9985999299965
4 120001 140000 130000.5 18 13.6705399863295 44 natural 0 1.3167 130000.5 0.9977998899945
4 140001 160000 150000.5 7 17.1159606332905 59 natural 0 0.408975 150000.5 0.997049852492625
4 160001 180000 170000.5 4 0 53 natural 0 Inf 170000.5 0.997349867493375
4 180001 2e+05 190000.5 9 0 17 natural 0 Inf 190000.5 0.999149957497875
4 200001 220000 210000.5 6 43.2276657060519 13 natural 0 0.1388 210000.5 0.999349967498375
4 220001 240000 230000.5 9 0 9 natural 0 Inf 230000.5 0.999549977498875
4 240001 260000 250000.5 14 0 0 natural 0 Inf 250000.5 1
4 260001 280000 270000.5 13 2.54388196387688 100 natural 0 5.1103 270000.5 0.994999749987499
4 280001 3e+05 290000.5 5 11.4155251141553 69 natural 0 0.438 290000.5 0.996549827491375
4 300001 320000 310000.5 8 0 12 natural 0 Inf 310000.5 0.9993999699985
4 320001 340000 330000.5 0 1.63907556138338 194 natural 0 0 330000.5 0.990099504975249
4 340001 360000 350000.5 16 0 121 natural 0 Inf 350000.5 0.993949697484874
4 360001 380000 370000.5 8.75 0 1 natural 0 Inf 370000.5 0.999924996249812
4 380001 4e+05 390000.5 3.5 0 0 natural 0 Inf 390000.5 1
4 400001 420000 410000.5 11.75 61.5384615384615 13 natural 0 0.1909375 410000.5 0.999349967498375
4 420001 440000 430000.5 4 0 13 natural 0 Inf 430000.5 0.994599729986499
4 440001 460000 450000.5 1 0 21 natural 0 Inf 450000.5 0.998949947497375
4 460001 480000 470000.5 2 21.8340611353712 42 natural 0 0.0916 470000.5 0.9973998699935
4 480001 5e+05 490000.5 4 5.20020800832033 47 natural 0 0.7692 490000.5 0.997599879994
4 500001 520000 510000.5 7 21.865889212828 67 natural 0 0.320133333333333 473773.5 0.996649832491625
4 520001 540000 530000.5 1.3333 0 46 natural 0 Inf 453773.5 0.99769988499425
4 540001 560000 550000.5 0.6667 0 0 natural 0 Inf 433773.5 1
4 560001 580000 570000.5 0.6667 0 0 natural 0 Inf 413773.5 1
4 580001 6e+05 590000.5 24.3333 0 1 natural 0 Inf 393773.5 0.999924996249812
4 600001 620000 610000.5 4 0 1 natural 0 Inf 373773.5 0.999949997499875
4 620001 640000 630000.5 8 0 0 natural 0 Inf 353773.5 0.999974998749937
4 640001 660000 650000.5 10.5 0 1 natural 0 Inf 333773.5 0.999949997499875
4 660001 680000 670000.5 11 0 0 natural 0 Inf 313773.5 1
4 680001 7e+05 690000.5 6.5 0 1 natural 0 Inf 293773.5 0.999949997499875
4 700001 720000 710000.5 3.5 0 3 natural 0 Inf 273773.5 0.999849992499625
4 720001 740000 730000.5 5 0 0 natural 0 Inf 253773.5 1
4 740001 760000 750000.5 5.5 25.1256281407035 14 natural 0 0.2189 233773.5 0.99929996499825
4 760001 780000 770000.5 1 0 41 natural 0 Inf 213773.5 0.997949897494875
4 780001 8e+05 790000.5 4 0 42 natural 0 Inf 193773.5 0.996799839992
4 800001 820000 810000.5 4 0 37 natural 0 Inf 173773.5 0.992324616230812
4 820001 840000 830000.5 11 0 21 natural 0 Inf 153773.5 0.992349617480874
4 840001 860000 850000.5 14 13.5685210312076 41 natural 0 1.0318 133773.5 0.99599979999
4 860001 880000 870000.5 9 0 1 natural 1 Inf 113773.5 0.972598629931497
4 880001 9e+05 890000.5 6 10.9289617486339 42 natural 1 0.549 93773.5 0.99789989499475
4 900001 920000 910000.5 9 6.99545295557887 68 natural 1 1.28655 73773.5 0.9965998299915
4 920001 940000 930000.5 2 10.8932461873638 28 natural 1 0.1836 53773.5 0.9985999299965
4 940001 960000 950000.5 15 23.8663484486874 46 natural 1 0.6285 33773.5 0.99769988499425
4 960001 980000 970000.5 9 6.66222518321119 35 natural 1 1.3509 13773.5 0.998249912495625
4 980001 1e+06 990000.5 0 0 3 natural 1 NA 0 0.99949997499875
5 1 20000 10000.5 8 12.070006035003 74 natural 0 0.6628 10000.5 0.996299814990749
5 20001 40000 30000.5 0 2.27324391907252 270 natural 0 0 30000.5 0.986499324966248
5 40001 60000 50000.5 23 6.77966101694915 42 natural 0 3.3925 50000.5 0.997849892494625
5 60001 80000 70000.5 4 1.51057401812689 181 natural 0 2.648 70000.5 0.989899494974749
5 80001 1e+05 90000.5 4 1.29015610888918 245 natural 0 3.1004 90000.5 0.987599379968998
5 100001 120000 110000.5 10 0 2 natural 0 Inf 110000.5 0.99989999499975
5 120001 140000 130000.5 3.25 0 1 natural 0 Inf 130000.5 0.999949997499875
5 140001 160000 150000.5 0.5 0 0 natural 0 Inf 150000.5 1
5 160001 180000 170000.5 8.25 0 46 natural 0 Inf 170000.5 0.997549877493875
5 180001 2e+05 190000.5 8 6.91802144586648 59 natural 0 1.1564 190000.5 0.997049852492625
5 200001 220000 210000.5 9.75 1 1 natural 0 9.75 210000.5 0.999949997499875
5 220001 240000 230000.5 7.5 0 0 natural 0 Inf 230000.5 1
5 240001 260000 250000.5 12.75 0 1 natural 0 Inf 250000.5 0.999949997499875
5 260001 280000 270000.5 3 12.453300124533 20 natural 0 0.2409 261349.5 0.9989999499975
5 280001 3e+05 290000.5 8 0 59 natural 0 Inf 241349.5 0.997049852492625
5 300001 320000 310000.5 14 0 29 natural 0 Inf 221349.5 0.998549927496375
5 320001 340000 330000.5 0 0 39 natural 0 NA 201349.5 0.998049902495125
5 340001 360000 350000.5 4 5.77034045008655 49 natural 0 0.6932 181349.5 0.997549877493875
5 360001 380000 370000.5 5 22.3338916806253 42 natural 0 0.223875 161349.5 0.997849892494625
5 380001 4e+05 390000.5 5.875 0 26 natural 0 Inf 141349.5 0.99869993499675
5 400001 420000 410000.5 9.75 0 0 natural 0 Inf 121349.5 0.999374968748437
5 420001 440000 430000.5 9.75 0 0 natural 0 Inf 101349.5 0.999599979999
5 440001 460000 450000.5 9.75 0 0 natural 0 Inf 81349.5 0.999649982499125
5 460001 480000 470000.5 5.875 0 12 natural 0 Inf 61349.5 0.998974948747437
5 480001 5e+05 490000.5 5 17.8890876565295 24 natural 0 0.2795 41349.5 0.998799939997
5 500001 520000 510000.5 5 6.0459492140266 42 natural 0 0.827 21349.5 0.99789989499475
5 520001 540000 530000.5 2 0 108 natural 0 Inf 1349.5 0.994549727486374
6 1 20000 10000.5 4 0 82 natural 1 Inf 10000.5 0.995724786239312
6 20001 40000 30000.5 8 0 64 natural 1 Inf 30000.5 0.996799839992
6 40001 60000 50000.5 24 0 3 natural 1 Inf 50000.5 0.999849992499625
6 60001 80000 70000.5 11 18.2260024301337 59 natural 1 0.603533333333333 70000.5 0.996824841242062
6 80001 1e+05 90000.5 2 2.44738130200685 105 natural 0 0.8172 90000.5 0.994524726236312
6 100001 120000 110000.5 3 11.6959064327485 44 natural 0 0.2565 110000.5 0.997599879994
6 120001 140000 130000.5 6 0 59 natural 0 Inf 130000.5 0.996874843742187
6 140001 160000 150000.5 6 16.8539325842697 52 natural 0 0.356 150000.5 0.996624831241562
6 160001 180000 170000.5 5 16.120365394949 46 natural 0 0.310166666666667 170000.5 0.99769988499425
6 180001 2e+05 190000.5 9 14.7058823529412 74 natural 0 0.612 190000.5 0.996299814990749
6 200001 220000 210000.5 8 25.9451445515196 70 natural 0 0.308342857142857 210000.5 0.99649982499125
6 220001 240000 230000.5 9 11.5640358485111 86 natural 0 0.778275 230000.5 0.995699784989249
6 240001 260000 250000.5 8 12.4146492861577 79 natural 0 0.6444 250000.5 0.99599979999
6 260001 280000 270000.5 6 5.11770726714432 47 natural 0 1.1724 253203.5 0.997649882494125
6 280001 3e+05 290000.5 5 9.33706816059757 36 natural 0 0.5355 233203.5 0.998174908745437
6 300001 320000 310000.5 7.1667 0 6 natural 0 Inf 213203.5 0.99969998499925
6 320001 340000 330000.5 8.3333 0 0 natural 0 Inf 193203.5 1
6 340001 360000 350000.5 8.3333 0 0 natural 0 Inf 173203.5 0.998949947497375
6 360001 380000 370000.5 4.1667 66.6666666666667 10 natural 0 0.0625005 153203.5 0.99949997499875
6 380001 4e+05 390000.5 9 9.28217821782178 69 natural 0 0.9696 133203.5 0.996449822491125
6 400001 420000 410000.5 11 0 21 natural 0 Inf 113203.5 0.998949947497375
6 420001 440000 430000.5 3 0 9 natural 0 Inf 93203.5 0.999549977498875
6 440001 460000 450000.5 12 15.4718927282104 40 natural 0 0.7756 73203.5 0.997999899995
6 460001 480000 470000.5 3 2.98864315600717 72 natural 0 1.0038 53203.5 0.996399819991
6 480001 5e+05 490000.5 8 5.24109014675052 44 natural 0 1.5264 33203.5 0.997749887494375
6 500001 520000 510000.5 5 28.673835125448 40 natural 0 0.174375 13203.5 0.997999899995
6 520001 540000 530000.5 0 0 11 natural 0 NA 0 0.999149957497875
7 1 20000 10000.5 4.375 0 9 natural 1 Inf 10000.5 0.999424971248562
7 20001 40000 30000.5 8.75 0 0 natural 1 Inf 30000.5 1
7 40001 60000 50000.5 8.75 0 0 natural 1 Inf 50000.5 1
7 60001 80000 70000.5 8.75 0 0 natural 0 Inf 70000.5 0.999949997499875
7 80001 1e+05 90000.5 7.375 0 8 natural 0 Inf 90000.5 0.999574978748937
7 100001 120000 110000.5 7 7.17360114777618 58 natural 0 0.9758 110000.5 0.997024851242562
7 120001 140000 130000.5 5 8.20344544708778 40 natural 0 0.6095 130000.5 0.997999899995
7 140001 160000 150000.5 5 5.60224089635854 58 natural 0 0.8925 150000.5 0.99709985499275
7 160001 180000 170000.5 6.25 192.307692307692 11 natural 0 0.0325 170000.5 0.999449972498625
7 180001 2e+05 190000.5 4.5 0 0 natural 0 Inf 190000.5 1
7 200001 220000 210000.5 5.25 0 2 natural 0 Inf 210000.5 0.99989999499975
7 220001 240000 230000.5 6 0 0 natural 0 Inf 230000.5 1
7 240001 260000 250000.5 3 0 1 natural 0 Inf 250000.5 0.999949997499875
7 260001 280000 270000.5 17 0 30 natural 0 Inf 270000.5 0.99849992499625
7 280001 3e+05 290000.5 2 0 53 natural 0 Inf 290000.5 0.997349867493375
7 300001 320000 310000.5 3 7.38552437223043 48 natural 0 0.4062 310000.5 0.997599879994
7 320001 340000 330000.5 2 0 43 natural 0 Inf 330000.5 0.997849892494625
7 340001 360000 350000.5 5 0 63 natural 0 Inf 350000.5 0.996799839992
7 360001 380000 370000.5 10 5.29941706412295 85 natural 0 1.887 370000.5 0.995749787489374
7 380001 4e+05 390000.5 7 7.58150113722517 38 natural 0 0.9233 390000.5 0.99809990499525
7 400001 420000 410000.5 11 6.81198910081744 42 natural 0 1.6148 410000.5 0.997749887494375
7 420001 440000 430000.5 5 39.2541707556428 38 natural 0 0.127375 430000.5 0.99809990499525
7 440001 460000 450000.5 11 0 7 natural 0 Inf 450000.5 0.999649982499125
7 460001 480000 470000.5 14 0 10 natural 0 Inf 470000.5 0.999449972498625
7 480001 5e+05 490000.5 1 0 10 natural 0 Inf 490000.5 0.99949997499875
7 500001 520000 510000.5 9 0 32 natural 0 Inf 510000.5 0.99829991499575
7 520001 540000 530000.5 5 6.03500301750151 52 natural 0 0.8285 497507.5 0.994349717485874
7 540001 560000 550000.5 6 3.02755071147442 72 natural 0 1.9818 477507.5 0.996349817490875
7 560001 580000 570000.5 12 14.3884892086331 50 natural 0 0.834 457507.5 0.9973998699935
7 580001 6e+05 590000.5 5 5.21036863358083 221 natural 0 0.959625 437507.5 0.988924446222311
7 600001 620000 610000.5 7 1.19731800766284 280 natural 0 5.8464 417507.5 0.985999299964998
7 620001 640000 630000.5 1 2.15238915195867 298 natural 0 0.4646 397507.5 0.985099254962748
7 640001 660000 650000.5 5 7.03977472720873 135 natural 0 0.71025 377507.5 0.993249662483124
7 660001 680000 670000.5 3 0 2 natural 0 Inf 357507.5 0.99989999499975
7 680001 7e+05 690000.5 7 0 0 natural 0 Inf 337507.5 1
7 700001 720000 710000.5 1 0 34 natural 0 Inf 317507.5 0.99829991499575
7 720001 740000 730000.5 8.5 4.1101520756268 57 natural 0 2.06805 297507.5 0.997149857492875
7 740001 760000 750000.5 5 0 0 natural 0 Inf 277507.5 1
7 760001 780000 770000.5 5 0 0 natural 0 Inf 257507.5 1
7 780001 8e+05 790000.5 5 0 0 natural 0 Inf 237507.5 1
7 800001 820000 810000.5 22.5 19.6463654223969 15 natural 0 1.14525 217507.5 0.999249962498125
7 820001 840000 830000.5 1 0 52 natural 0 Inf 197507.5 0.9973998699935
7 840001 860000 850000.5 8 0 9 natural 0 Inf 177507.5 0.999549977498875
7 860001 880000 870000.5 5 28.9995166747221 40 natural 0 0.172416666666667 157507.5 0.997999899995
7 880001 9e+05 890000.5 0 0 0 natural 0 NA 137507.5 1
7 900001 920000 910000.5 0 0 0 natural 0 NA 117507.5 0.999949997499875
7 920001 940000 930000.5 0 0 0 natural 0 NA 97507.5 1
7 940001 960000 950000.5 0 0 0 natural 0 NA 77507.5 1
7 960001 980000 970000.5 0 0 0 natural 0 NA 57507.5 1
7 980001 1e+06 990000.5 0 0 0 natural 0 NA 37507.5 1
7 1000001 1020000 1010000.5 0 0 0 natural 0 NA 17507.5 1
7 1020001 1040000 1030000.5 0 0 0 natural 0 NA 0 1
8 1 20000 10000.5 0 1.94779898714453 110 natural 0 0 10000.5 0.993199659982999
8 20001 40000 30000.5 3 6.11620795107034 48 natural 0 0.4905 30000.5 0.997599879994
8 40001 60000 50000.5 2 0 13 natural 0 Inf 50000.5 0.999349967498375
8 60001 80000 70000.5 17 0 0 natural 0 Inf 70000.5 1
8 80001 1e+05 90000.5 6.1667 0 7 natural 0 Inf 90000.5 0.999649982499125
8 100001 120000 110000.5 6.3333 0 0 natural 0 Inf 110000.5 1
8 120001 140000 130000.5 6.3333 0 0 natural 0 Inf 130000.5 1
8 140001 160000 150000.5 14.1667 0 4 natural 0 Inf 150000.5 0.9997999899995
8 160001 180000 170000.5 0 0 1 natural 0 NA 170000.5 0.999949997499875
8 180001 2e+05 190000.5 7.5 0 2 natural 0 Inf 190000.5 0.99989999499975
8 200001 220000 210000.5 7 0 0 natural 0 Inf 210000.5 1
8 220001 240000 230000.5 7 0 0 natural 0 Inf 230000.5 1
8 240001 260000 250000.5 7 0 0 natural 0 Inf 250000.5 1
8 260001 280000 270000.5 7.125 0 1 natural 0 Inf 270000.5 0.999924996249812
8 280001 3e+05 290000.5 5.25 0 0 natural 0 Inf 290000.5 0.999924996249812
8 300001 320000 310000.5 5.25 0 0 natural 0 Inf 310000.5 1
8 320001 340000 330000.5 5.25 0 0 natural 0 Inf 330000.5 1
8 340001 360000 350000.5 3.625 0 2 natural 0 Inf 350000.5 0.99989999499975
8 360001 380000 370000.5 19 0 2 natural 0 Inf 370000.5 0.99989999499975
8 380001 4e+05 390000.5 1.8333 0 1 natural 0 Inf 390000.5 0.999949997499875
8 400001 420000 410000.5 3.6667 0 0 natural 0 Inf 396277.5 1
8 420001 440000 430000.5 3.6667 0 0 natural 0 Inf 376277.5 1
8 440001 460000 450000.5 4.8333 0 1 natural 0 Inf 356277.5 0.999949997499875
8 460001 480000 470000.5 2 0 1 natural 0 Inf 336277.5 0.999949997499875
8 480001 5e+05 490000.5 9 0 1 natural 0 Inf 316277.5 0.999949997499875
8 500001 520000 510000.5 5.1667 0 6 natural 0 Inf 296277.5 0.999524976248812
8 520001 540000 530000.5 10.3333 0 0 natural 0 Inf 276277.5 1
8 540001 560000 550000.5 10.3333 0 0 natural 0 Inf 256277.5 1
8 560001 580000 570000.5 10.1667 0 26 natural 0 Inf 236277.5 0.99869993499675
8 580001 6e+05 590000.5 3 18.6567164179104 33 natural 0 0.1608 216277.5 0.99829991499575
8 600001 620000 610000.5 3 95.8904109589041 27 natural 0 0.0312857142857143 196277.5 0.998649932496625
8 620001 640000 630000.5 5 0 27 natural 0 Inf 176277.5 0.998649932496625
8 640001 660000 650000.5 6 0 6 natural 0 Inf 156277.5 0.99969998499925
8 660001 680000 670000.5 4 0 0 natural 0 Inf 136277.5 1
8 680001 7e+05 690000.5 4 0 0 natural 0 Inf 116277.5 1
8 700001 720000 710000.5 9.25 0 1 natural 0 Inf 96277.5 0.999949997499875
8 720001 740000 730000.5 14.5 0 0 natural 0 Inf 76277.5 1
8 740001 760000 750000.5 7.25 0 7 natural 0 Inf 56277.5 0.999649982499125
8 760001 780000 770000.5 6 0 42 natural 0 Inf 36277.5 0.99789989499475
8 780001 8e+05 790000.5 6 4.76190476190476 167 natural 0 1.26 16277.5 0.991549577478874
8 800001 820000 810000.5 0 0 58 natural 0 NA 0 0.997049852492625
9 1 20000 10000.5 3 0 96 natural 0 Inf 10000.5 0.991899594979749
9 20001 40000 30000.5 2 11.6686114352392 58 natural 0 0.1714 30000.5 0.99709985499275
9 40001 60000 50000.5 6.6667 0 11 natural 0 Inf 50000.5 0.999449972498625
9 60001 80000 70000.5 7.3333 0 0 natural 0 Inf 70000.5 1
9 80001 1e+05 90000.5 7.3333 0 0 natural 0 Inf 90000.5 1
9 100001 120000 110000.5 9.6667 0 1 natural 0 Inf 110000.5 0.999949997499875
9 120001 140000 130000.5 5 0 18 natural 0 Inf 130000.5 0.99909995499775
9 140001 160000 150000.5 7 21.551724137931 62 natural 1 0.3248 150000.5 0.99689984499225
9 160001 180000 170000.5 15 21.9901044529961 38 natural 1 0.682125 170000.5 0.99809990499525
9 180001 2e+05 190000.5 11.3333 0 2 natural 1 Inf 190000.5 0.99989999499975
9 200001 220000 210000.5 6.6667 0 0 natural 1 Inf 208339.5 0.9997999899995
9 220001 240000 230000.5 6.6667 0 0 natural 1 Inf 188339.5 1
9 240001 260000 250000.5 8.3333 15.4023873700424 65 natural 1 0.5410395025 168339.5 0.996749837491875
9 260001 280000 270000.5 7 4.14250207125104 103 natural 1 1.6898 148339.5 0.994799739986999
9 280001 3e+05 290000.5 9 6.29722921914358 103 natural 1 1.4292 128339.5 0.994749737486874
9 300001 320000 310000.5 5 2.28440890919475 283 natural 0 2.18875 108339.5 0.985799289964498
9 320001 340000 330000.5 2 0 115 natural 0 Inf 88339.5 0.993899694984749
9 340001 360000 350000.5 2 0 58 natural 0 Inf 68339.5 0.99709985499275
9 360001 380000 370000.5 15 16.6666666666667 90 natural 0 0.9 48339.5 0.995424771238562
9 380001 4e+05 390000.5 0 0 0 natural 0 NA 28339.5 1
9 400001 420000 410000.5 0 0 0 natural 0 NA 8339.5 1
10 1 20000 10000.5 44 4.49640287769784 94 natural 0 9.7856 10000.5 0.994774738736937
10 20001 40000 30000.5 4 4.44247001332741 48 natural 0 0.9004 30000.5 0.99749987499375
10 40001 60000 50000.5 10 7.15051841258491 68 natural 0 1.3985 50000.5 0.9965998299915
10 60001 80000 70000.5 3 0 54 natural 0 Inf 70000.5 0.997224861243062
10 80001 1e+05 90000.5 13 15.625 42 natural 0 0.832 90000.5 0.99789989499475
10 100001 120000 110000.5 13.6667 16.5198237885463 44 natural 0 0.827290906666667 110000.5 0.997649882494125
10 120001 140000 130000.5 5.3333 0 0 natural 0 Inf 130000.5 1
10 140001 160000 150000.5 5.3333 0 0 natural 0 Inf 150000.5 1
10 160001 180000 170000.5 8.6667 2.77700638711469 62 natural 0 3.12087867 170000.5 0.99689984499225
10 180001 2e+05 190000.5 5 8.64304235090752 87 natural 0 0.5785 190000.5 0.995599779988999
10 200001 220000 210000.5 9 16.7130919220056 41 natural 0 0.5385 210000.5 0.997949897494875
10 220001 240000 230000.5 8 4.83325277912035 56 natural 1 1.6552 230000.5 0.997199859993
10 240001 260000 250000.5 5 4.24268137462877 100 natural 1 1.1785 250000.5 0.994849742487124
10 260001 280000 270000.5 7 18.4275184275184 49 natural 1 0.379866666666667 270000.5 0.997549877493875
10 280001 3e+05 290000.5 2 5.65610859728507 45 natural 1 0.3536 290000.5 0.99769988499425
10 300001 320000 310000.5 2 5.69151963574274 70 natural 1 0.3514 310000.5 0.99649982499125
10 320001 340000 330000.5 15 0 16 natural 1 Inf 330000.5 0.999199959998
10 340001 360000 350000.5 6 4.37062937062937 51 natural 1 1.3728 350000.5 0.997449872493625
10 360001 380000 370000.5 10 11.3700966458215 50 natural 1 0.8795 370000.5 0.995349767488374
10 380001 4e+05 390000.5 14 11.3765642775882 58 natural 1 1.2306 390000.5 0.997049852492625
10 400001 420000 410000.5 5 0 55 natural 1 Inf 410000.5 0.997249862493125
10 420001 440000 430000.5 6 11.4678899082569 28 natural 1 0.5232 430000.5 0.9985999299965
10 440001 460000 450000.5 6 0 0 natural 0 Inf 450000.5 1
10 460001 480000 470000.5 6 0 0 natural 0 Inf 470000.5 0.999849992499625
10 480001 5e+05 490000.5 10 20.4708290685773 31 natural 0 0.4885 490000.5 0.998424921246062
10 500001 520000 510000.5 4 11.4678899082569 33 natural 0 0.3488 506004.5 0.998349917495875
10 520001 540000 530000.5 6 6.85871056241427 64 natural 0 0.8748 486004.5 0.996799839992
10 540001 560000 550000.5 4 21.1640211640212 32 natural 0 0.189 466004.5 0.997174858742937
10 560001 580000 570000.5 6.8333 0 59 natural 0 Inf 446004.5 0.996824841242062
10 580001 6e+05 590000.5 5.6667 0 0 natural 0 Inf 426004.5 0.999824991249562
10 600001 620000 610000.5 5.6667 0 0 natural 0 Inf 406004.5 0.999974998749937
10 620001 640000 630000.5 5.2333 0 1 natural 0 Inf 386004.5 0.999949997499875
10 640001 660000 650000.5 4.8 0 0 natural 0 Inf 366004.5 0.999949997499875
10 660001 680000 670000.5 4.8 0 0 natural 0 Inf 346004.5 1
10 680001 7e+05 690000.5 4.8 0 0 natural 0 Inf 326004.5 1
10 700001 720000 710000.5 4.8 0 0 natural 0 Inf 306004.5 1
10 720001 740000 730000.5 4.4 0 48 natural 0 Inf 286004.5 0.997599879994
10 740001 760000 750000.5 12 0 11 natural 0 Inf 266004.5 0.999449972498625
10 760001 780000 770000.5 6 0 89 natural 0 Inf 246004.5 0.995349767488374
10 780001 8e+05 790000.5 10 20.8768267223382 43 natural 0 0.479 226004.5 0.997849892494625
10 800001 820000 810000.5 5 0 37 natural 0 Inf 206004.5 0.998024901245062
10 820001 840000 830000.5 4 0 41 natural 0 Inf 186004.5 0.997949897494875
10 840001 860000 850000.5 17 0 6 natural 0 Inf 166004.5 0.99969998499925
10 860001 880000 870000.5 3.2 0 1 natural 0 Inf 146004.5 0.999949997499875
10 880001 9e+05 890000.5 6.4 0 0 natural 0 Inf 126004.5 1
10 900001 920000 910000.5 6.4 0 0 natural 0 Inf 106004.5 1
10 920001 940000 930000.5 6.4 0 0 natural 0 Inf 86004.5 1
10 940001 960000 950000.5 6.4 0 0 natural 0 Inf 66004.5 1
10 960001 980000 970000.5 23.2 32.479249368459 62 natural 0 0.714302222222222 46004.5 0.99689984499225
10 980001 1e+06 990000.5 2 2.49563264287497 227 natural 0 0.8014 26004.5 0.988624431221561
10 1000001 1020000 1010000.5 0 0 191 natural 0 NA 6004.5 0.990399519975999
11 1 20000 10000.5 4 0 183 natural 0 Inf 10000.5 0.989699484974249
11 20001 40000 30000.5 8 22.5733634311512 40 natural 0 0.3544 30000.5 0.997999899995
11 40001 60000 50000.5 8 5.80046403712297 43 natural 0 1.3792 50000.5 0.997774888744437
11 60001 80000 70000.5 10.625 20.639834881321 31 natural 0 0.51478125 70000.5 0.998449922496125
11 80001 1e+05 90000.5 5.25 0 0 natural 0 Inf 90000.5 1
11 100001 120000 110000.5 5.25 0 0 natural 0 Inf 110000.5 1
11 120001 140000 130000.5 5.25 0 0 natural 0 Inf 130000.5 0.999949997499875
11 140001 160000 150000.5 8.125 0 2 natural 0 Inf 150000.5 0.99989999499975
11 160001 180000 170000.5 3 0 0 natural 0 Inf 170000.5 1
11 180001 2e+05 190000.5 6.75 0 1 natural 0 Inf 190000.5 0.999949997499875
11 200001 220000 210000.5 10.5 0 0 natural 0 Inf 210000.5 1
11 220001 240000 230000.5 8.25 18.8323917137476 17 natural 0 0.438075 230000.5 0.999149957497875
11 240001 260000 250000.5 4 0 206 natural 0 Inf 250000.5 0.989599479973999
11 260001 280000 270000.5 5 11.8343195266272 83 natural 0 0.4225 270000.5 0.995849792489624
11 280001 3e+05 290000.5 3 6.75219446320054 46 natural 0 0.4443 290000.5 0.99769988499425
11 300001 320000 310000.5 10 0 42 natural 0 Inf 310000.5 0.99789989499475
11 320001 340000 330000.5 3.75 0 26 natural 0 Inf 305710.5 0.99869993499675
11 340001 360000 350000.5 7.5 0 0 natural 0 Inf 285710.5 1
11 360001 380000 370000.5 9.75 11.8063754427391 39 natural 0 0.825825 265710.5 0.998049902495125
11 380001 4e+05 390000.5 2 0 35 natural 0 Inf 245710.5 0.998249912495625
11 400001 420000 410000.5 2 0 40 natural 0 Inf 225710.5 0.997874893744687
11 420001 440000 430000.5 4 0 19 natural 0 Inf 205710.5 0.999049952497625
11 440001 460000 450000.5 10.5 0 15 natural 0 Inf 185710.5 0.999249962498125
11 460001 480000 470000.5 3 0 0 natural 0 Inf 165710.5 1
11 480001 5e+05 490000.5 14.5 0 1 natural 0 Inf 145710.5 0.999949997499875
11 500001 520000 510000.5 26 117.056856187291 22 natural 0 0.222114285714286 125710.5 0.99889994499725
11 520001 540000 530000.5 0 0 36 natural 0 NA 105710.5 0.998124906245312
11 540001 560000 550000.5 11 10.2880658436214 27 natural 0 1.0692 85710.5 0.998649932496625
11 560001 580000 570000.5 5 4.20168067226891 75 natural 0 1.19 65710.5 0.996249812490624
11 580001 6e+05 590000.5 6 7.20288115246098 78 natural 0 0.833 45710.5 0.99609980499025
11 600001 620000 610000.5 7 0 54 natural 0 Inf 25710.5 0.99729986499325
11 620001 640000 630000.5 0 0 20 natural 0 NA 5710.5 0.998799939997
12 1 20000 10000.5 3 0 9 natural 0 Inf 10000.5 0.999524976248812
12 20001 40000 30000.5 0 0 0 natural 0 NA 30000.5 1
12 40001 60000 50000.5 3.5714 0 1 natural 0 Inf 50000.5 0.99989999499975
12 60001 80000 70000.5 7.1429 0 0 natural 0 Inf 70000.5 1
12 80001 1e+05 90000.5 7.1429 0 0 natural 0 Inf 90000.5 1
12 100001 120000 110000.5 7.1429 0 0 natural 0 Inf 110000.5 1
12 120001 140000 130000.5 7.1429 0 0 natural 0 Inf 130000.5 1
12 140001 160000 150000.5 7.1429 0 0 natural 0 Inf 150000.5 1
12 160001 180000 170000.5 7.1429 0 0 natural 0 Inf 170000.5 1
12 180001 2e+05 190000.5 6.8214 0 1 natural 0 Inf 190000.5 0.999949997499875
12 200001 220000 210000.5 6.5 0 0 natural 0 Inf 210000.5 1
12 220001 240000 230000.5 3.25 0 2 natural 0 Inf 215541.5 0.99989999499975
12 240001 260000 250000.5 12 16.6251039068994 19 natural 0 0.7218 195541.5 0.999049952497625
12 260001 280000 270000.5 9.5 0 1 natural 0 Inf 175541.5 0.999949997499875
12 280001 3e+05 290000.5 1 0 0 natural 0 Inf 155541.5 1
12 300001 320000 310000.5 10.25 0 3 natural 0 Inf 135541.5 0.999849992499625
12 320001 340000 330000.5 13.5 0 0 natural 0 Inf 115541.5 1
12 340001 360000 350000.5 11.25 0 1 natural 0 Inf 95541.5 0.999949997499875
12 360001 380000 370000.5 7 0 0 natural 0 Inf 75541.5 1
12 380001 4e+05 390000.5 5.5 1.51952590791673 224 natural 0 3.61955 55541.5 0.988649432471624
12 400001 420000 410000.5 1 0 341 natural 0 Inf 35541.5 0.98292414620731
12 420001 440000 430000.5 2 0 379 natural 0 Inf 15541.5 0.98042402120106
12 440001 460000 450000.5 0 0 168 natural 0 NA 0 0.991599579978999
13 1 20000 10000.5 0 0 48 natural 0 NA 10000.5 0.995599779988999
13 20001 40000 30000.5 21 0 34 natural 1 Inf 30000.5 0.99829991499575
13 40001 60000 50000.5 11 0 4 natural 1 Inf 50000.5 0.9997999899995
13 60001 80000 70000.5 12 0 15 natural 1 Inf 70000.5 0.999224961248062
13 80001 1e+05 90000.5 6 0 0 natural 1 Inf 90000.5 1
13 100001 120000 110000.5 6 0 0 natural 1 Inf 110000.5 1
13 120001 140000 130000.5 6 0 0 natural 0 Inf 130000.5 1
13 140001 160000 150000.5 3 0 1 natural 0 Inf 150000.5 0.999949997499875
13 160001 180000 170000.5 7 43.1541781090624 67 natural 0 0.162209090909091 170000.5 0.996649832491625
13 180001 2e+05 190000.5 1 0 93 natural 0 Inf 190000.5 0.995349767488374
13 200001 220000 210000.5 5 10.2319236016371 62 natural 0 0.488666666666667 210000.5 0.99689984499225
13 220001 240000 230000.5 2 7.53012048192771 39 natural 0 0.2656 230000.5 0.998049902495125
13 240001 260000 250000.5 2 0 0 natural 0 Inf 250000.5 1
13 260001 280000 270000.5 10 7.31528895391368 35 natural 0 1.367 270000.5 0.998249912495625
13 280001 3e+05 290000.5 4.75 0 1 natural 0 Inf 290000.5 0.999949997499875
13 300001 320000 310000.5 7.5 0 0 natural 0 Inf 310000.5 1
13 320001 340000 330000.5 10.5 0 1 natural 0 Inf 330000.5 0.999949997499875
13 340001 360000 350000.5 9.5 0 0 natural 0 Inf 350000.5 1
13 360001 380000 370000.5 8.75 6.1050061050061 42 natural 0 1.43325 370000.5 0.99789989499475
13 380001 4e+05 390000.5 6 8.16993464052288 66 natural 0 0.7344 390000.5 0.99669983499175
13 400001 420000 410000.5 1 0 157 natural 0 Inf 410000.5 0.992149607480374
13 420001 440000 430000.5 3 0 266 natural 0 Inf 430000.5 0.986599329966498
13 440001 460000 450000.5 6 5.26981450252951 290 natural 0 1.13856 450000.5 0.985424271213561
13 460001 480000 470000.5 4 0 329 natural 0 Inf 437340.5 0.983549177458873
13 480001 5e+05 490000.5 6 1.17605550982006 280 natural 0 5.1018 417340.5 0.985649282464123
13 500001 520000 510000.5 1 0 284 natural 0 Inf 397340.5 0.985799289964498
13 520001 540000 530000.5 4 0 183 natural 0 Inf 377340.5 0.990849542477124
13 540001 560000 550000.5 3 0 26 natural 0 Inf 357340.5 0.998674933746687
13 560001 580000 570000.5 3 181.818181818182 12 natural 0 0.0165 337340.5 0.9993999699985
13 580001 6e+05 590000.5 2 5.92768227622999 52 natural 0 0.3374 317340.5 0.997324866243312
13 600001 620000 610000.5 11 3.7147102526003 62 natural 0 2.9612 297340.5 0.99689984499225
13 620001 640000 630000.5 6 0 43 natural 0 Inf 277340.5 0.9977998899945
13 640001 660000 650000.5 9 36.2056480811006 38 natural 0 0.24858 257340.5 0.99809990499525
13 660001 680000 670000.5 7 11.4025085518814 38 natural 0 0.6139 237340.5 0.99809990499525
13 680001 7e+05 690000.5 2 0 40 natural 0 Inf 217340.5 0.997999899995
13 700001 720000 710000.5 3 29.2397660818713 20 natural 0 0.1026 197340.5 0.9989999499975
13 720001 740000 730000.5 12 18.6219739292365 44 natural 0 0.6444 177340.5 0.9977998899945
13 740001 760000 750000.5 10 24.0577385725742 38 natural 0 0.415666666666667 157340.5 0.998049902495125
13 760001 780000 770000.5 10 8.57632933104631 28 natural 0 1.166 137340.5 0.9985999299965
13 780001 8e+05 790000.5 3 0 63 natural 0 Inf 117340.5 0.996849842492125
13 800001 820000 810000.5 6 0 56 natural 0 Inf 97340.5 0.997199859993
13 820001 840000 830000.5 9 13.869625520111 31 natural 0 0.6489 77340.5 0.998449922496125
13 840001 860000 850000.5 19 16.1655350792111 72 natural 0 1.17534 57340.5 0.996399819991
13 860001 880000 870000.5 1 0 31 natural 0 Inf 37340.5 0.998449922496125
13 880001 9e+05 890000.5 10 17.7619893428064 47 natural 0 0.563 17340.5 0.997624881244062
13 900001 920000 910000.5 1 0 22 natural 0 Inf 0 0.997599879994
14 1 20000 10000.5 5 0 206 natural 1 Inf 10000.5 0.989624481224061
14 20001 40000 30000.5 12 0 37 natural 1 Inf 30000.5 0.998149907495375
14 40001 60000 50000.5 9 33.003300330033 45 natural 1 0.2727 50000.5 0.997749887494375
14 60001 80000 70000.5 2 0 59 natural 1 Inf 70000.5 0.9969998499925
14 80001 1e+05 90000.5 7 5.76368876080692 45 natural 1 1.2145 90000.5 0.99599979999
14 100001 120000 110000.5 7 15.5763239875389 28 natural 1 0.4494 110000.5 0.9985999299965
14 120001 140000 130000.5 10 0 13 natural 1 Inf 130000.5 0.999349967498375
14 140001 160000 150000.5 3 3.02480338777979 71 natural 1 0.9918 150000.5 0.996449822491125
14 160001 180000 170000.5 2 12.0845921450151 52 natural 1 0.1655 170000.5 0.9973998699935
14 180001 2e+05 190000.5 26 26.1096605744125 56 natural 1 0.9958 190000.5 0.997199859993
14 200001 220000 210000.5 3 38.4615384615385 26 natural 1 0.078 210000.5 0.998649932496625
14 220001 240000 230000.5 0 0 46 natural 1 NA 230000.5 0.99769988499425
14 240001 260000 250000.5 3 5.33333333333333 56 natural 1 0.5625 250000.5 0.997199859993
14 260001 280000 270000.5 3 5.05816894284269 56 natural 1 0.5931 270000.5 0.997199859993
14 280001 3e+05 290000.5 15 15.5359917141378 47 natural 1 0.9655 290000.5 0.997649882494125
14 300001 320000 310000.5 5 11.5207373271889 55 natural 1 0.434 310000.5 0.997249862493125
14 320001 340000 330000.5 5 10.2669404517454 44 natural 1 0.487 330000.5 0.997774888744437
14 340001 360000 350000.5 10 22.1116639027087 49 natural 1 0.45225 350000.5 0.997549877493875
14 360001 380000 370000.5 4.3 0 16 natural 1 Inf 370000.5 0.999174958747937
14 380001 4e+05 390000.5 6.6 0 0 natural 1 Inf 360655.5 1
14 400001 420000 410000.5 6.6 0 0 natural 1 Inf 340655.5 1
14 420001 440000 430000.5 6.6 0 0 natural 1 Inf 320655.5 1
14 440001 460000 450000.5 6.6 0 0 natural 1 Inf 300655.5 0.9997999899995
14 460001 480000 470000.5 6.8 0 1 natural 1 Inf 280655.5 0.999949997499875
14 480001 5e+05 490000.5 7 0 0 natural 1 Inf 260655.5 1
14 500001 520000 510000.5 7 0 0 natural 1 Inf 240655.5 1
14 520001 540000 530000.5 8.5 53.2859680284192 17 natural 1 0.159516666666667 220655.5 0.999149957497875
14 540001 560000 550000.5 5.1667 0 23 natural 1 Inf 200655.5 0.998824941247062
14 560001 580000 570000.5 6.3333 0 0 natural 1 Inf 180655.5 1
14 580001 6e+05 590000.5 6.3333 0 0 natural 1 Inf 160655.5 1
14 600001 620000 610000.5 7.1667 0 1 natural 0 Inf 140655.5 0.999949997499875
14 620001 640000 630000.5 8 0 0 natural 0 Inf 120655.5 1
14 640001 660000 650000.5 10 0 2 natural 0 Inf 100655.5 0.99989999499975
14 660001 680000 670000.5 8 0 0 natural 0 Inf 80655.5 1
14 680001 7e+05 690000.5 8 0 0 natural 0 Inf 60655.5 1
14 700001 720000 710000.5 8 1.88572506128606 222 natural 0 4.2424 40655.5 0.988799439971999
14 720001 740000 730000.5 6 2.96164667555161 164 natural 0 2.0259 20655.5 0.991799589979499
14 740001 760000 750000.5 0 35.8521787093216 81 natural 0 0 655.5 0.994024701235062
15 1 20000 10000.5 5.5 0 20 natural 0 Inf 10000.5 0.997024851242562
15 20001 40000 30000.5 11 0 0 natural 0 Inf 30000.5 1
15 40001 60000 50000.5 11 0 0 natural 0 Inf 50000.5 1
15 60001 80000 70000.5 11 0 0 natural 0 Inf 70000.5 1
15 80001 1e+05 90000.5 8.9167 0 1 natural 0 Inf 90000.5 0.999949997499875
15 100001 120000 110000.5 6.8333 0 0 natural 0 Inf 110000.5 1
15 120001 140000 130000.5 6.8333 0 0 natural 0 Inf 130000.5 1
15 140001 160000 150000.5 6.8333 0 0 natural 0 Inf 150000.5 1
15 160001 180000 170000.5 6.8333 0 0 natural 0 Inf 170000.5 1
15 180001 2e+05 190000.5 6.8333 0 0 natural 0 Inf 190000.5 1
15 200001 220000 210000.5 15.6667 6.89179875947622 32 natural 0 2.27323817 210000.5 0.998399919996
15 220001 240000 230000.5 6.5 0 0 natural 0 Inf 230000.5 1
15 240001 260000 250000.5 10.25 15.0489089541008 57 natural 0 0.6811125 250000.5 0.997149857492875
15 260001 280000 270000.5 3 25.0375563345018 56 natural 0 0.11982 270000.5 0.997199859993
15 280001 3e+05 290000.5 1 0 58 natural 0 Inf 290000.5 0.99709985499275
15 300001 320000 310000.5 1 0 72 natural 0 Inf 310000.5 0.996349817490875
15 320001 340000 330000.5 3 0 56 natural 0 Inf 330000.5 0.997149857492875
15 340001 360000 350000.5 9 3.03122158229767 76 natural 0 2.9691 350000.5 0.9961998099905
15 360001 380000 370000.5 2 125 24 natural 1 0.016 370000.5 0.998799939997
15 380001 4e+05 390000.5 19 14.7058823529412 68 natural 1 1.292 373748.5 0.996524826241312
15 400001 420000 410000.5 13 6.10314311870613 75 natural 1 2.13005 353748.5 0.996249812490624
15 420001 440000 430000.5 5 0 30 natural 1 Inf 333748.5 0.99789989499475
15 440001 460000 450000.5 4 0 48 natural 0 Inf 313748.5 0.997549877493875
15 460001 480000 470000.5 4 4.42869796279894 51 natural 0 0.9032 293748.5 0.997449872493625
15 480001 5e+05 490000.5 0 0 35 natural 0 NA 273748.5 0.998249912495625
15 500001 520000 510000.5 3 131.578947368421 16 natural 0 0.0228 253748.5 0.999199959998
15 520001 540000 530000.5 8 9.24214417744917 69 natural 0 0.8656 233748.5 0.996399819991
15 540001 560000 550000.5 5 15.4639175257732 51 natural 0 0.323333333333333 213748.5 0.997449872493625
15 560001 580000 570000.5 6.1667 10.1522842639594 48 natural 0 0.60741995 193748.5 0.997599879994
15 580001 6e+05 590000.5 6.3333 0 0 natural 0 Inf 173748.5 1
15 600001 620000 610000.5 6.3333 0 0 natural 0 Inf 153748.5 1
15 620001 640000 630000.5 5.6667 0 1 natural 0 Inf 133748.5 0.999949997499875
15 640001 660000 650000.5 5 0 0 natural 0 Inf 113748.5 0.998799939997
15 660001 680000 670000.5 12.5 0 57 natural 0 Inf 93748.5 0.997149857492875
15 680001 7e+05 690000.5 14 4.89955903968643 53 natural 0 2.8574 73748.5 0.997349867493375
15 700001 720000 710000.5 12 10.8342361863489 21 natural 0 1.1076 53748.5 0.998949947497375
15 720001 740000 730000.5 0 0 1 natural 0 NA 33748.5 0.999824991249562
15 740001 760000 750000.5 0 0 0 natural 0 NA 13748.5 0.997749887494375
15 760001 780000 770000.5 0 0 0 natural 0 NA 0 0.999774988749437
16 1 20000 10000.5 1 0 81 natural 0 Inf 10000.5 0.992024601230062
16 20001 40000 30000.5 45 0 67 natural 0 Inf 30000.5 0.991999599979999
16 40001 60000 50000.5 10 0 40 natural 0 Inf 50000.5 0.997674883744187
16 60001 80000 70000.5 2 0 75 natural 0 Inf 70000.5 0.996249812490624
16 80001 1e+05 90000.5 17 20.1511335012594 55 natural 0 0.843625 90000.5 0.997199859993
16 100001 120000 110000.5 4 0 67 natural 0 Inf 110000.5 0.996574828741437
16 120001 140000 130000.5 8 30.0120048019208 55 natural 0 0.26656 130000.5 0.997199859993
16 140001 160000 150000.5 10 15.2497140678612 56 natural 0 0.65575 150000.5 0.997199859993
16 160001 180000 170000.5 7 9.81836033382425 59 natural 0 0.71295 170000.5 0.997049852492625
16 180001 2e+05 190000.5 1 0 42 natural 0 Inf 190000.5 0.99789989499475
16 200001 220000 210000.5 3 0 42 natural 0 Inf 210000.5 0.99789989499475
16 220001 240000 230000.5 6 5.34473543559594 49 natural 0 1.1226 230000.5 0.997549877493875
16 240001 260000 250000.5 9 0 22 natural 0 Inf 250000.5 0.99889994499725
16 260001 280000 270000.5 5 0 26 natural 0 Inf 270000.5 0.99869993499675
16 280001 3e+05 290000.5 2 5.4525627044711 44 natural 0 0.3668 290000.5 0.997774888744437
16 300001 320000 310000.5 6 3.3178500331785 67 natural 0 1.8084 310000.5 0.996649832491625
16 320001 340000 330000.5 3 0 56 natural 0 Inf 330000.5 0.997199859993
16 340001 360000 350000.5 6.25 0 12 natural 0 Inf 350000.5 0.9993999699985
16 360001 380000 370000.5 4.5 0 0 natural 0 Inf 370000.5 1
16 380001 4e+05 390000.5 14.25 24.9687890137328 19 natural 0 0.5707125 390000.5 0.9989999499975
16 400001 420000 410000.5 0 0 25 natural 0 NA 410000.5 0.998749937496875
16 420001 440000 430000.5 1 7.20980533525595 74 natural 0 0.1387 430000.5 0.9961998099905
16 440001 460000 450000.5 20 0 15 natural 0 Inf 450000.5 0.999199959998
16 460001 480000 470000.5 5 0 57 natural 0 Inf 448463.5 0.997149857492875
16 480001 5e+05 490000.5 7 0 33 natural 0 Inf 428463.5 0.998349917495875
16 500001 520000 510000.5 6 11.2485939257593 37 natural 0 0.5334 408463.5 0.998149907495375
16 520001 540000 530000.5 7 5.40832882639264 46 natural 0 1.2943 388463.5 0.997649882494125
16 540001 560000 550000.5 0 5.68828213879408 54 natural 0 0 368463.5 0.99729986499325
16 560001 580000 570000.5 1 8.56164383561644 34 natural 0 0.1168 348463.5 0.99829991499575
16 580001 6e+05 590000.5 3 0 40 natural 0 Inf 328463.5 0.997999899995
16 600001 620000 610000.5 7 74.0740740740741 17 natural 0 0.0945 308463.5 0.999149957497875
16 620001 640000 630000.5 7 4.79616306954436 50 natural 0 1.4595 288463.5 0.99749987499375
16 640001 660000 650000.5 7 5.88928150765607 48 natural 0 1.1886 268463.5 0.997599879994
16 660001 680000 670000.5 5 0 1 natural 0 Inf 248463.5 0.999949997499875
16 680001 7e+05 690000.5 22 0 1 natural 0 Inf 228463.5 0.999949997499875
16 700001 720000 710000.5 1 0 16 natural 0 Inf 208463.5 0.999199959998
16 720001 740000 730000.5 5 21.6919739696312 44 natural 0 0.2305 188463.5 0.9977998899945
16 740001 760000 750000.5 7 0 53 natural 0 Inf 168463.5 0.997349867493375
16 760001 780000 770000.5 7 6.40614990390775 67 natural 0 1.0927 148463.5 0.996649832491625
16 780001 8e+05 790000.5 9 0 59 natural 0 Inf 128463.5 0.997024851242562
16 800001 820000 810000.5 0 12.586532410321 44 natural 0 0 108463.5 0.9977998899945
16 820001 840000 830000.5 7 8.60030101053537 104 natural 0 0.813925 88463.5 0.994774738736937
16 840001 860000 850000.5 17 0 1 natural 0 Inf 68463.5 0.999949997499875
16 860001 880000 870000.5 0 0 1 natural 0 NA 48463.5 0.999949997499875
16 880001 9e+05 890000.5 0 0 0 natural 0 NA 28463.5 1
16 900001 920000 910000.5 0 0 0 natural 0 NA 8463.5 0.99849992499625
1 1 20000 10000.5 3 13.2231404958678 71 fermentation 0 0.226875 10000.5 0.994574728736437
1 20001 40000 30000.5 11.25 113.636363636364 18 fermentation 0 0.099 30000.5 0.99909995499775
1 40001 60000 50000.5 16.5 0 0 fermentation 0 Inf 50000.5 1
1 60001 80000 70000.5 8.25 0 6 fermentation 0 Inf 70000.5 0.99969998499925
1 80001 1e+05 90000.5 3 4.38212094653812 56 fermentation 0 0.6846 90000.5 0.997199859993
1 100001 120000 110000.5 7 21.849963583394 68 fermentation 0 0.320366666666667 79980.5 0.996149807490375
1 120001 140000 130000.5 0 0 2 fermentation 0 NA 59980.5 0.99989999499975
1 140001 160000 150000.5 23 7.66871165644172 37 fermentation 0 2.9992 39980.5 0.998049902495125
1 160001 180000 170000.5 20 7.2974945268791 88 fermentation 0 2.74066666666667 19980.5 0.995499774988749
1 180001 2e+05 190000.5 0 0 27 fermentation 0 NA 0 0.998624931246562
2 1 20000 10000.5 1 0 1 fermentation 0 Inf 10000.5 0.995449772488624
2 20001 40000 30000.5 3 6.15006150061501 68 fermentation 0 0.4878 30000.5 0.9965998299915
2 40001 60000 50000.5 9.5 9.24214417744917 23 fermentation 0 1.0279 50000.5 0.998849942497125
2 60001 80000 70000.5 7 0 0 fermentation 0 Inf 70000.5 1
2 80001 1e+05 90000.5 4.5 22.9621125143513 32 fermentation 0 0.195975 90000.5 0.998399919996
2 100001 120000 110000.5 2 19.0839694656489 23 fermentation 0 0.1048 110000.5 0.998849942497125
2 120001 140000 130000.5 3 12.998266897747 60 fermentation 0 0.2308 130000.5 0.9969998499925
2 140001 160000 150000.5 4 10.5764145954521 55 fermentation 0 0.3782 150000.5 0.997249862493125
2 160001 180000 170000.5 7 8.07537012113055 92 fermentation 0 0.866833333333333 170000.5 0.995399769988499
2 180001 2e+05 190000.5 8 0 16 fermentation 0 Inf 190000.5 0.998174908745437
2 200001 220000 210000.5 2 0 0 fermentation 0 Inf 210000.5 1
2 220001 240000 230000.5 2 0 1 fermentation 0 Inf 230000.5 0.999949997499875
2 240001 260000 250000.5 1 0 15 fermentation 0 Inf 250000.5 0.999249962498125
2 260001 280000 270000.5 7 0 3 fermentation 0 Inf 270000.5 0.999849992499625
2 280001 3e+05 290000.5 5 0 37 fermentation 0 Inf 290000.5 0.998149907495375
2 300001 320000 310000.5 5.5 0 43 fermentation 0 Inf 310000.5 0.997849892494625
2 320001 340000 330000.5 5 0 0 fermentation 0 Inf 330000.5 1
2 340001 360000 350000.5 5 0 0 fermentation 0 Inf 350000.5 1
2 360001 380000 370000.5 5.5 0 3 fermentation 0 Inf 370000.5 0.999849992499625
2 380001 4e+05 390000.5 3 9.37207122774133 22 fermentation 0 0.3201 390000.5 0.99889994499725
2 400001 420000 410000.5 5 6.26959247648903 44 fermentation 0 0.7975 410000.5 0.9977998899945
2 420001 440000 430000.5 5 2.36910684671879 100 fermentation 0 2.1105 430000.5 0.994899744987249
2 440001 460000 450000.5 3 10.6951871657754 41 fermentation 0 0.2805 450000.5 0.997949897494875
2 460001 480000 470000.5 0 0 40 fermentation 0 NA 470000.5 0.997999899995
2 480001 5e+05 490000.5 4.5 0 24 fermentation 0 Inf 490000.5 0.998799939997
2 500001 520000 510000.5 5 0 0 fermentation 0 Inf 510000.5 1
2 520001 540000 530000.5 2.5 0 3 fermentation 0 Inf 530000.5 0.999849992499625
2 540001 560000 550000.5 8 0 1 fermentation 0 Inf 550000.5 0.9997999899995
2 560001 580000 570000.5 7 18.6915887850467 28 fermentation 0 0.3745 570000.5 0.9985999299965
2 580001 6e+05 590000.5 3 19.15097350782 63 fermentation 0 0.15665 590000.5 0.996849842492125
2 600001 620000 610000.5 0 5.75043128234618 48 fermentation 0 0 610000.5 0.997599879994
2 620001 640000 630000.5 5 4.82858522452921 54 fermentation 0 1.0355 630000.5 0.99729986499325
2 640001 660000 650000.5 4.5 0 34 fermentation 0 Inf 639934.5 0.99829991499575
2 660001 680000 670000.5 3 0 0 fermentation 0 Inf 619934.5 1
2 680001 7e+05 690000.5 2.5 0 67 fermentation 0 Inf 599934.5 0.996649832491625
2 700001 720000 710000.5 6 7.47011952191235 215 fermentation 0 0.8032 579934.5 0.989249462473124
2 720001 740000 730000.5 2.375 9.09090909090909 89 fermentation 0 0.26125 559934.5 0.995549777488874
2 740001 760000 750000.5 4.75 0 0 fermentation 0 Inf 539934.5 1
2 760001 780000 770000.5 4.75 0 0 fermentation 0 Inf 519934.5 1
2 780001 8e+05 790000.5 4.75 0 0 fermentation 0 Inf 499934.5 1
2 800001 820000 810000.5 6.375 0 1 fermentation 0 Inf 479934.5 0.999949997499875
2 820001 840000 830000.5 3 0 2 fermentation 0 Inf 459934.5 0.99989999499975
2 840001 860000 850000.5 8 0 91 fermentation 0 Inf 439934.5 0.995449772488624
2 860001 880000 870000.5 1 2.83165793572136 168 fermentation 0 0.35315 419934.5 0.991599579978999
2 880001 9e+05 890000.5 2 0 1 fermentation 0 Inf 399934.5 0.999949997499875
2 900001 920000 910000.5 4 0 0 fermentation 0 Inf 379934.5 0.999324966248312
2 920001 940000 930000.5 4 0 0 fermentation 0 Inf 359934.5 1
2 940001 960000 950000.5 3 0 2 fermentation 0 Inf 339934.5 0.99989999499975
2 960001 980000 970000.5 0 0 47 fermentation 0 NA 319934.5 0.997649882494125
2 980001 1e+06 990000.5 7 7.89889415481833 73 fermentation 0 0.8862 299934.5 0.996049802490125
2 1000001 1020000 1010000.5 8 11.5740740740741 62 fermentation 0 0.6912 279934.5 0.99689984499225
2 1020001 1040000 1030000.5 7 25.4777070063694 31 fermentation 0 0.27475 259934.5 0.998449922496125
2 1040001 1060000 1050000.5 4.25 0 10 fermentation 0 Inf 239934.5 0.99949997499875
2 1060001 1080000 1070000.5 2.5 0 0 fermentation 0 Inf 219934.5 1
2 1080001 1100000 1090000.5 9.25 0 7 fermentation 0 Inf 199934.5 0.999649982499125
2 1100001 1120000 1110000.5 0 26.4783759929391 32 fermentation 0 0 179934.5 0.998399919996
2 1120001 1140000 1130000.5 3.4 0 1 fermentation 0 Inf 159934.5 0.999949997499875
2 1140001 1160000 1150000.5 6.8 0 0 fermentation 0 Inf 139934.5 0.999724986249312
2 1160001 1180000 1170000.5 6.8 0 0 fermentation 0 Inf 119934.5 1
2 1180001 1200000 1190000.5 6.8 0 0 fermentation 0 Inf 99934.5 1
2 1200001 1220000 1210000.5 6.8 0 0 fermentation 0 Inf 79934.5 1
2 1220001 1240000 1230000.5 4.65 0 1 fermentation 0 Inf 59934.5 0.999949997499875
2 1240001 1260000 1250000.5 2.5 0 0 fermentation 0 Inf 39934.5 1
2 1260001 1280000 1270000.5 43.25 0 44 fermentation 0 Inf 19934.5 0.997574878743937
2 1280001 1300000 1290000.5 0 0 38 fermentation 0 NA 0 0.997924896244812
3 1 20000 10000.5 0 0 0 fermentation 0 NA 10000.5 0.99989999499975
3 20001 40000 30000.5 0 0 4 fermentation 0 NA 30000.5 0.9997999899995
3 40001 60000 50000.5 3 6.24219725343321 47 fermentation 0 0.4806 50000.5 0.997649882494125
3 60001 80000 70000.5 5 4.29184549356223 96 fermentation 0 1.165 70000.5 0.995199759987999
3 80001 1e+05 90000.5 1 0 25 fermentation 0 Inf 90000.5 0.998749937496875
3 100001 120000 110000.5 4 6.86813186813187 41 fermentation 0 0.5824 110000.5 0.997949897494875
3 120001 140000 130000.5 19 33.4448160535117 16 fermentation 0 0.5681 130000.5 0.999199959998
3 140001 160000 150000.5 18 0 1 fermentation 0 Inf 145074.5 0.999174958747937
3 160001 180000 170000.5 9 0 2 fermentation 0 Inf 125074.5 0.99989999499975
3 180001 2e+05 190000.5 5 5.49450549450549 55 fermentation 0 0.91 105074.5 0.997074853742687
3 200001 220000 210000.5 6 23.4741784037559 35 fermentation 0 0.2556 85074.5 0.996074803740187
3 220001 240000 230000.5 37 12.0992135511192 41 fermentation 0 3.05805 65074.5 0.997949897494875
3 240001 260000 250000.5 7 4.43852640923213 62 fermentation 0 1.5771 45074.5 0.99689984499225
3 260001 280000 270000.5 24 153.061224489796 13 fermentation 0 0.1568 25074.5 0.999349967498375
3 280001 3e+05 290000.5 0 0 4 fermentation 0 NA 5074.5 0.999674983749188
4 1 20000 10000.5 2 0 33 fermentation 0 Inf 10000.5 0.998149907495375
4 20001 40000 30000.5 11 0 3 fermentation 0 Inf 30000.5 0.999049952497625
4 40001 60000 50000.5 8 13.5593220338983 44 fermentation 0 0.59 50000.5 0.9977998899945
4 60001 80000 70000.5 6 5.90667454223272 48 fermentation 0 1.0158 70000.5 0.997599879994
4 80001 1e+05 90000.5 1 46.7289719626168 32 fermentation 0 0.0214 90000.5 0.998399919996
4 100001 120000 110000.5 5 0 25 fermentation 0 Inf 110000.5 0.998749937496875
4 120001 140000 130000.5 7 5.65291124929339 46 fermentation 0 1.2383 130000.5 0.99769988499425
4 140001 160000 150000.5 6 6.34115409004439 69 fermentation 0 0.9462 150000.5 0.996549827491375
4 160001 180000 170000.5 1 0 57 fermentation 0 Inf 170000.5 0.997149857492875
4 180001 2e+05 190000.5 2 0 31 fermentation 0 Inf 190000.5 0.998449922496125
4 200001 220000 210000.5 7 23.130300693909 30 fermentation 0 0.302633333333333 210000.5 0.99849992499625
4 220001 240000 230000.5 1 0 13 fermentation 0 Inf 230000.5 0.999349967498375
4 240001 260000 250000.5 1.75 0 2 fermentation 0 Inf 250000.5 0.99989999499975
4 260001 280000 270000.5 3.5 0 0 fermentation 0 Inf 270000.5 1
4 280001 3e+05 290000.5 6.75 37.6411543287328 32 fermentation 0 0.179325 290000.5 0.998399919996
4 300001 320000 310000.5 5 0 35 fermentation 0 Inf 310000.5 0.998249912495625
4 320001 340000 330000.5 0 0 43 fermentation 0 NA 330000.5 0.997849892494625
4 340001 360000 350000.5 7 0 17 fermentation 0 Inf 350000.5 0.999149957497875
4 360001 380000 370000.5 8 0 1 fermentation 0 Inf 370000.5 0.999949997499875
4 380001 4e+05 390000.5 7 0 1 fermentation 0 Inf 390000.5 0.999949997499875
4 400001 420000 410000.5 5.7857 0 2 fermentation 0 Inf 410000.5 0.99989999499975
4 420001 440000 430000.5 3.5714 0 0 fermentation 0 Inf 430000.5 0.997124856242812
4 440001 460000 450000.5 3.5714 0 0 fermentation 0 Inf 450000.5 1
4 460001 480000 470000.5 3.5714 0 0 fermentation 0 Inf 470000.5 0.999549977498875
4 480001 5e+05 490000.5 3.5714 0 0 fermentation 0 Inf 490000.5 1
4 500001 520000 510000.5 3.5714 0 0 fermentation 0 Inf 473773.5 1
4 520001 540000 530000.5 3.5714 0 0 fermentation 0 Inf 453773.5 1
4 540001 560000 550000.5 3.7557 5.92417061611374 26 fermentation 0 0.63396216 433773.5 0.99869993499675
4 560001 580000 570000.5 6 0 7 fermentation 0 Inf 413773.5 0.999649982499125
4 580001 6e+05 590000.5 3.75 0 12 fermentation 0 Inf 393773.5 0.9993999699985
4 600001 620000 610000.5 5.5 0 0 fermentation 0 Inf 373773.5 1
4 620001 640000 630000.5 5.5 0 0 fermentation 0 Inf 353773.5 1
4 640001 660000 650000.5 5.5 0 0 fermentation 0 Inf 333773.5 1
4 660001 680000 670000.5 4.75 0 1 fermentation 0 Inf 313773.5 0.999949997499875
4 680001 7e+05 690000.5 2 0 0 fermentation 0 Inf 293773.5 1
4 700001 720000 710000.5 2.75 0 1 fermentation 0 Inf 273773.5 0.999949997499875
4 720001 740000 730000.5 3.5 0 0 fermentation 0 Inf 253773.5 1
4 740001 760000 750000.5 7.75 0 5 fermentation 0 Inf 233773.5 0.999749987499375
4 760001 780000 770000.5 3 8.52514919011083 38 fermentation 0 0.3519 213773.5 0.99809990499525
4 780001 8e+05 790000.5 8 5.61167227833895 49 fermentation 0 1.4256 193773.5 0.997549877493875
4 800001 820000 810000.5 5 1.84094256259205 111 fermentation 0 2.716 173773.5 0.994374718735937
4 820001 840000 830000.5 9 13.1032976632453 132 fermentation 0 0.68685 153773.5 0.993399669983499
4 840001 860000 850000.5 11 0 38 fermentation 0 Inf 133773.5 0.99809990499525
4 860001 880000 870000.5 0 4.5489006823351 657 fermentation 1 0 113773.5 0.967148357417871
4 880001 9e+05 890000.5 0 21.7278841179514 1139 fermentation 1 0 93773.5 0.943047152357618
4 900001 920000 910000.5 3 16 1306 fermentation 1 0.1875 73773.5 0.934696734836742
4 920001 940000 930000.5 0 15.6969443281708 1304 fermentation 1 0 53773.5 0.934746737336867
4 940001 960000 950000.5 0 18.0447935463327 1128 fermentation 1 0 33773.5 0.943597179858993
4 960001 980000 970000.5 0 12.8995270173427 812 fermentation 1 0 13773.5 0.959397969898495
4 980001 1e+06 990000.5 0 41.8410041841004 66 fermentation 1 0 0 0.9965998299915
5 1 20000 10000.5 9 0 64 fermentation 0 Inf 10000.5 0.996799839992
5 20001 40000 30000.5 9 36.4298724954463 15 fermentation 0 0.24705 30000.5 0.999249962498125
5 40001 60000 50000.5 12 7.41839762611276 69 fermentation 0 1.6176 50000.5 0.996549827491375
5 60001 80000 70000.5 6 45.766590389016 11 fermentation 0 0.1311 70000.5 0.998574928746437
5 80001 1e+05 90000.5 10 0 1 fermentation 0 Inf 90000.5 0.999949997499875
5 100001 120000 110000.5 5 13.3689839572192 39 fermentation 0 0.374 110000.5 0.998049902495125
5 120001 140000 130000.5 0 0 30 fermentation 0 NA 130000.5 0.99849992499625
5 140001 160000 150000.5 2 2.93169158604515 115 fermentation 0 0.6822 150000.5 0.994249712485624
5 160001 180000 170000.5 3.6667 0 31 fermentation 0 Inf 170000.5 0.997974898744937
5 180001 2e+05 190000.5 7.3333 0 0 fermentation 0 Inf 190000.5 1
5 200001 220000 210000.5 7.3333 0 0 fermentation 0 Inf 210000.5 1
5 220001 240000 230000.5 9.6667 0 1 fermentation 0 Inf 230000.5 0.999949997499875
5 240001 260000 250000.5 6.25 0 24 fermentation 0 Inf 250000.5 0.998799939997
5 260001 280000 270000.5 4.5 0 0 fermentation 0 Inf 261349.5 1
5 280001 3e+05 290000.5 2.25 0 2 fermentation 0 Inf 241349.5 0.99989999499975
5 300001 320000 310000.5 15 0 16 fermentation 0 Inf 221349.5 0.999199959998
5 320001 340000 330000.5 4 0 0 fermentation 0 Inf 201349.5 1
5 340001 360000 350000.5 4 0 1 fermentation 0 Inf 181349.5 0.999949997499875
5 360001 380000 370000.5 4 0 0 fermentation 0 Inf 161349.5 1
5 380001 4e+05 390000.5 6 0 1 fermentation 0 Inf 141349.5 0.999949997499875
5 400001 420000 410000.5 8 0 0 fermentation 0 Inf 121349.5 0.999649982499125
5 420001 440000 430000.5 11 0 37 fermentation 0 Inf 101349.5 0.998124906245312
5 440001 460000 450000.5 8 0 17 fermentation 0 Inf 81349.5 0.998799939997
5 460001 480000 470000.5 4 0 23 fermentation 0 Inf 61349.5 0.99809990499525
5 480001 5e+05 490000.5 3 18.9035916824197 33 fermentation 0 0.1587 41349.5 0.998349917495875
5 500001 520000 510000.5 4 0 43 fermentation 0 Inf 21349.5 0.997849892494625
5 520001 540000 530000.5 0 0 28 fermentation 0 NA 1349.5 0.9985999299965
6 1 20000 10000.5 0 0 893 fermentation 1 NA 10000.5 0.954997749887494
6 20001 40000 30000.5 2 16.7767641816085 905 fermentation 1 0.1192125 30000.5 0.954747737386869
6 40001 60000 50000.5 1 1.01729399796541 1249 fermentation 1 0.983 50000.5 0.937546877343867
6 60001 80000 70000.5 18 21.6860937923557 416 fermentation 1 0.830025 70000.5 0.978973948697435
6 80001 1e+05 90000.5 1 9.0293453724605 59 fermentation 0 0.11075 90000.5 0.9969998499925
6 100001 120000 110000.5 0 0 31 fermentation 0 NA 110000.5 0.998449922496125
6 120001 140000 130000.5 3 11.4810562571757 61 fermentation 0 0.2613 130000.5 0.996924846242312
6 140001 160000 150000.5 13.75 4.66417910447761 46 fermentation 0 2.948 150000.5 0.997049852492625
6 160001 180000 170000.5 9.5 0 0 fermentation 0 Inf 170000.5 1
6 180001 2e+05 190000.5 10.75 12.3456790123457 16 fermentation 0 0.87075 190000.5 0.999199959998
6 200001 220000 210000.5 3 0 1 fermentation 0 Inf 210000.5 0.999949997499875
6 220001 240000 230000.5 10 4.08163265306122 67 fermentation 0 2.45 230000.5 0.996649832491625
6 240001 260000 250000.5 7 0 71 fermentation 0 Inf 250000.5 0.996449822491125
6 260001 280000 270000.5 1 6.48929266709929 45 fermentation 0 0.1541 253203.5 0.99769988499425
6 280001 3e+05 290000.5 2 3.90015600624025 62 fermentation 0 0.5128 233203.5 0.99689984499225
6 300001 320000 310000.5 6 7.53579502637528 37 fermentation 0 0.7962 213203.5 0.998149907495375
6 320001 340000 330000.5 2 11.3186191284663 50 fermentation 0 0.1767 193203.5 0.99749987499375
6 340001 360000 350000.5 9 8.302200083022 55 fermentation 0 1.08405 173203.5 0.996524826241312
6 360001 380000 370000.5 3 4.63606861381548 53 fermentation 0 0.6471 153203.5 0.997349867493375
6 380001 4e+05 390000.5 8.1667 5.35618639528656 39 fermentation 0 1.52472289 133203.5 0.998049902495125
6 400001 420000 410000.5 6.3333 0 0 fermentation 0 Inf 113203.5 1
6 420001 440000 430000.5 6.3333 0 0 fermentation 0 Inf 93203.5 1
6 440001 460000 450000.5 7.1667 9.37207122774133 27 fermentation 0 0.76468689 73203.5 0.998649932496625
6 460001 480000 470000.5 3 0 5 fermentation 0 Inf 53203.5 0.999749987499375
6 480001 5e+05 490000.5 3 16.9204737732657 23 fermentation 0 0.1773 33203.5 0.998799939997
6 500001 520000 510000.5 0 0 0 fermentation 0 NA 13203.5 1
6 520001 540000 530000.5 0 0 0 fermentation 0 NA 0 0.999874993749687
7 1 20000 10000.5 16 0 2 fermentation 1 Inf 10000.5 0.99989999499975
7 20001 40000 30000.5 17 0 37 fermentation 1 Inf 30000.5 0.998149907495375
7 40001 60000 50000.5 0 10.26035654739 830 fermentation 1 0 50000.5 0.958497924896245
7 60001 80000 70000.5 2 0 60 fermentation 0 Inf 70000.5 0.9969998499925
7 80001 1e+05 90000.5 3 0 34 fermentation 0 Inf 90000.5 0.99829991499575
7 100001 120000 110000.5 2 0 21 fermentation 0 Inf 110000.5 0.998949947497375
7 120001 140000 130000.5 3 0 18 fermentation 0 Inf 130000.5 0.99909995499775
7 140001 160000 150000.5 0 0 25 fermentation 0 NA 150000.5 0.998724936246812
7 160001 180000 170000.5 7 0 0 fermentation 0 Inf 170000.5 1
7 180001 2e+05 190000.5 3 0 28 fermentation 0 Inf 190000.5 0.9985999299965
7 200001 220000 210000.5 0 4.56204379562044 49 fermentation 0 0 210000.5 0.997549877493875
7 220001 240000 230000.5 8 0 2 fermentation 0 Inf 230000.5 0.99989999499975
7 240001 260000 250000.5 6 0 0 fermentation 0 Inf 250000.5 1
7 260001 280000 270000.5 6 12.6262626262626 22 fermentation 0 0.4752 270000.5 0.99889994499725
7 280001 3e+05 290000.5 3 0 51 fermentation 0 Inf 290000.5 0.997449872493625
7 300001 320000 310000.5 2 27.8940027894003 32 fermentation 0 0.0717 310000.5 0.998399919996
7 320001 340000 330000.5 1 0 45 fermentation 0 Inf 330000.5 0.997749887494375
7 340001 360000 350000.5 3 0 71 fermentation 0 Inf 350000.5 0.996449822491125
7 360001 380000 370000.5 5 2.89603243556328 76 fermentation 0 1.7265 370000.5 0.9961998099905
7 380001 4e+05 390000.5 12 0 11 fermentation 0 Inf 390000.5 0.999449972498625
7 400001 420000 410000.5 7 0 52 fermentation 0 Inf 410000.5 0.99709985499275
7 420001 440000 430000.5 8 57.8034682080925 21 fermentation 0 0.1384 430000.5 0.998949947497375
7 440001 460000 450000.5 8 46.189376443418 19 fermentation 0 0.1732 450000.5 0.999049952497625
7 460001 480000 470000.5 4 3.57270453733476 79 fermentation 0 1.1196 470000.5 0.996049802490125
7 480001 5e+05 490000.5 0 1.15915150110119 238 fermentation 0 0 490000.5 0.988099404970249
7 500001 520000 510000.5 2 4.65116279069767 260 fermentation 0 0.43 510000.5 0.986999349967498
7 520001 540000 530000.5 7 0 49 fermentation 0 Inf 497507.5 0.993849692484624
7 540001 560000 550000.5 4 0 2 fermentation 0 Inf 477507.5 0.99989999499975
7 560001 580000 570000.5 4 0 33 fermentation 0 Inf 457507.5 0.998349917495875
7 580001 6e+05 590000.5 9 16.061676839062 101 fermentation 0 0.56034 437507.5 0.994949747487374
7 600001 620000 610000.5 7 0 52 fermentation 0 Inf 417507.5 0.9973998699935
7 620001 640000 630000.5 2 9.52380952380952 70 fermentation 0 0.21 397507.5 0.99649982499125
7 640001 660000 650000.5 5 5.91715976331361 44 fermentation 0 0.845 377507.5 0.9977998899945
7 660001 680000 670000.5 1 0 84 fermentation 0 Inf 357507.5 0.995799789989499
7 680001 7e+05 690000.5 1 3.63108206245461 59 fermentation 0 0.2754 337507.5 0.997049852492625
7 700001 720000 710000.5 9 0 56 fermentation 0 Inf 317507.5 0.997199859993
7 720001 740000 730000.5 6 16.1725067385445 54 fermentation 0 0.371 297507.5 0.99729986499325
7 740001 760000 750000.5 5.75 8.44594594594595 40 fermentation 0 0.6808 277507.5 0.997999899995
7 760001 780000 770000.5 7.5 0 0 fermentation 0 Inf 257507.5 1
7 780001 8e+05 790000.5 6.75 0 46 fermentation 0 Inf 237507.5 0.99769988499425
7 800001 820000 810000.5 9.5 4.78697941598851 48 fermentation 0 1.98455 217507.5 0.997599879994
7 820001 840000 830000.5 7 0 0 fermentation 0 Inf 197507.5 1
7 840001 860000 850000.5 7 0 0 fermentation 0 Inf 177507.5 0.999974998749937
7 860001 880000 870000.5 8.5 18.7032418952618 47 fermentation 0 0.454466666666667 157507.5 0.997649882494125
7 880001 9e+05 890000.5 0 10.7642626480086 62 fermentation 0 0 137507.5 0.99689984499225
7 900001 920000 910000.5 1 2.72294077603812 243 fermentation 0 0.36725 117507.5 0.987774388719436
7 920001 940000 930000.5 4 4.07000407000407 155 fermentation 0 0.9828 97507.5 0.992249612480624
7 940001 960000 950000.5 7 5.40540540540541 48 fermentation 0 1.295 77507.5 0.997599879994
7 960001 980000 970000.5 12 24.0577385725742 48 fermentation 0 0.4988 57507.5 0.997599879994
7 980001 1e+06 990000.5 1 0 43 fermentation 0 Inf 37507.5 0.997849892494625
7 1000001 1020000 1010000.5 8 0 56 fermentation 0 Inf 17507.5 0.997199859993
7 1020001 1040000 1030000.5 1 6.87757909215956 40 fermentation 0 0.1454 0 0.997774888744437
8 1 20000 10000.5 3.5 0 89 fermentation 0 Inf 10000.5 0.995274763738187
8 20001 40000 30000.5 7 0 0 fermentation 0 Inf 30000.5 1
8 40001 60000 50000.5 8.5 66.334991708126 17 fermentation 0 0.1281375 50000.5 0.999149957497875
8 60001 80000 70000.5 11 9.80872976949485 46 fermentation 0 1.12145 70000.5 0.99769988499425
8 80001 1e+05 90000.5 3 0 44 fermentation 0 Inf 90000.5 0.9977998899945
8 100001 120000 110000.5 7.25 0 40 fermentation 0 Inf 110000.5 0.997999899995
8 120001 140000 130000.5 10.5 0 0 fermentation 0 Inf 130000.5 1
8 140001 160000 150000.5 5.25 0 38 fermentation 0 Inf 150000.5 0.99809990499525
8 160001 180000 170000.5 7 13.6054421768707 57 fermentation 0 0.5145 170000.5 0.997149857492875
8 180001 2e+05 190000.5 5 6.77048070412999 39 fermentation 0 0.7385 190000.5 0.998049902495125
8 200001 220000 210000.5 8 0 29 fermentation 0 Inf 210000.5 0.998549927496375
8 220001 240000 230000.5 5 3.83141762452107 60 fermentation 0 1.305 230000.5 0.9969998499925
8 240001 260000 250000.5 2 0 29 fermentation 0 Inf 250000.5 0.998549927496375
8 260001 280000 270000.5 7 0 10 fermentation 0 Inf 270000.5 0.99949997499875
8 280001 3e+05 290000.5 4 5.04286434694907 54 fermentation 0 0.7932 290000.5 0.997274863743187
8 300001 320000 310000.5 1 0 51 fermentation 0 Inf 310000.5 0.997449872493625
8 320001 340000 330000.5 2 9.17852225791647 59 fermentation 0 0.2179 330000.5 0.997049852492625
8 340001 360000 350000.5 6 0 54 fermentation 0 Inf 350000.5 0.99729986499325
8 360001 380000 370000.5 8 117.647058823529 6 fermentation 0 0.068 370000.5 0.99969998499925
8 380001 4e+05 390000.5 6 0 0 fermentation 0 Inf 390000.5 0.999974998749937
8 400001 420000 410000.5 3 0 1 fermentation 0 Inf 396277.5 0.999949997499875
8 420001 440000 430000.5 9 19.3798449612403 13 fermentation 0 0.4644 376277.5 0.999349967498375
8 440001 460000 450000.5 5 8.51063829787234 58 fermentation 0 0.5875 356277.5 0.99709985499275
8 460001 480000 470000.5 0 9.92063492063492 50 fermentation 0 0 336277.5 0.99749987499375
8 480001 5e+05 490000.5 5 0 40 fermentation 0 Inf 316277.5 0.997999899995
8 500001 520000 510000.5 11 12.998266897747 53 fermentation 0 0.846266666666667 296277.5 0.99729986499325
8 520001 540000 530000.5 3 56.1797752808989 12 fermentation 0 0.0534 276277.5 0.9993999699985
8 540001 560000 550000.5 2 8.36820083682008 34 fermentation 0 0.239 256277.5 0.99829991499575
8 560001 580000 570000.5 16 3.48675034867503 65 fermentation 0 4.5888 236277.5 0.996724836241812
8 580001 6e+05 590000.5 2.75 27.4348422496571 20 fermentation 0 0.1002375 216277.5 0.9989999499975
8 600001 620000 610000.5 3.5 0 0 fermentation 0 Inf 196277.5 1
8 620001 640000 630000.5 3.75 0 13 fermentation 0 Inf 176277.5 0.999349967498375
8 640001 660000 650000.5 4 0 0 fermentation 0 Inf 156277.5 1
8 660001 680000 670000.5 2 0 31 fermentation 0 Inf 136277.5 0.998449922496125
8 680001 7e+05 690000.5 4 3.85802469135802 65 fermentation 0 1.0368 116277.5 0.996724836241812
8 700001 720000 710000.5 4 0 68 fermentation 0 Inf 96277.5 0.9965998299915
8 720001 740000 730000.5 8 0 33 fermentation 0 Inf 76277.5 0.998349917495875
8 740001 760000 750000.5 2 0 9 fermentation 0 Inf 56277.5 0.999549977498875
8 760001 780000 770000.5 16 0 8 fermentation 0 Inf 36277.5 0.999574978748937
8 780001 8e+05 790000.5 0 0 3 fermentation 0 NA 16277.5 0.999849992499625
8 800001 820000 810000.5 0 0 0 fermentation 0 NA 0 1
9 1 20000 10000.5 0 0 0 fermentation 0 NA 10000.5 0.997474873743687
9 20001 40000 30000.5 5 0 1 fermentation 0 Inf 30000.5 0.999949997499875
9 40001 60000 50000.5 10 0 0 fermentation 0 Inf 50000.5 0.999749987499375
9 60001 80000 70000.5 8 0 10 fermentation 0 Inf 70000.5 0.99949997499875
9 80001 1e+05 90000.5 3 19.8216055500496 49 fermentation 0 0.15135 90000.5 0.997549877493875
9 100001 120000 110000.5 0 0 4 fermentation 0 NA 110000.5 0.9997999899995
9 120001 140000 130000.5 12 6.59195781147001 30 fermentation 0 1.8204 130000.5 0.99849992499625
9 140001 160000 150000.5 7 9.4876660341556 210 fermentation 1 0.7378 150000.5 0.989499474973749
9 160001 180000 170000.5 0 14.0419096997192 1170 fermentation 1 0 170000.5 0.941497074853743
9 180001 2e+05 190000.5 1 7.41839762611276 1223 fermentation 1 0.1348 190000.5 0.938846942347117
9 200001 220000 210000.5 0 5.69476082004556 983 fermentation 1 0 208339.5 0.949822491124556
9 220001 240000 230000.5 1 4.13393964448119 905 fermentation 1 0.2419 188339.5 0.954747737386869
9 240001 260000 250000.5 3 8.1541127306085 924 fermentation 1 0.3679125 168339.5 0.953797689884494
9 260001 280000 270000.5 4 16 1190 fermentation 1 0.25 148339.5 0.940497024851243
9 280001 3e+05 290000.5 0 11.4380784028283 985 fermentation 1 0 128339.5 0.950647532376619
9 300001 320000 310000.5 8.75 0 1 fermentation 0 Inf 108339.5 0.999949997499875
9 320001 340000 330000.5 3.5 0 0 fermentation 0 Inf 88339.5 0.9997999899995
9 340001 360000 350000.5 2.75 0 4 fermentation 0 Inf 68339.5 0.9997999899995
9 360001 380000 370000.5 13 13.2362673726009 97 fermentation 0 0.98215 48339.5 0.995149757487874
9 380001 4e+05 390000.5 6 2.03045685279188 129 fermentation 0 2.955 28339.5 0.993549677483874
9 400001 420000 410000.5 9 11.6414435389988 48 fermentation 0 0.7731 8339.5 0.997599879994
10 1 20000 10000.5 0 0 0 fermentation 0 NA 10000.5 0.999649982499125
10 20001 40000 30000.5 0 0 0 fermentation 0 NA 30000.5 1
10 40001 60000 50000.5 0 3.4965034965035 75 fermentation 0 0 50000.5 0.996249812490624
10 60001 80000 70000.5 1 9.50871632329635 77 fermentation 0 0.105166666666667 70000.5 0.996049802490125
10 80001 1e+05 90000.5 10 4.34782608695652 61 fermentation 0 2.3 90000.5 0.996949847492375
10 100001 120000 110000.5 20 0 1 fermentation 0 Inf 110000.5 0.9997999899995
10 120001 140000 130000.5 2 30.7692307692308 19 fermentation 0 0.065 130000.5 0.999049952497625
10 140001 160000 150000.5 0 0 23 fermentation 0 NA 150000.5 0.998849942497125
10 160001 180000 170000.5 3 0 65 fermentation 0 Inf 170000.5 0.996749837491875
10 180001 2e+05 190000.5 6 9.02527075812274 88 fermentation 0 0.6648 190000.5 0.995599779988999
10 200001 220000 210000.5 3 24.5338567222767 61 fermentation 0 0.12228 210000.5 0.996949847492375
10 220001 240000 230000.5 14 6.45716745587602 317 fermentation 1 2.16813333333333 230000.5 0.984149207460373
10 240001 260000 250000.5 0 0 1199 fermentation 1 NA 250000.5 0.940047002350118
10 260001 280000 270000.5 1 9.00630441308916 1056 fermentation 1 0.111033333333333 270000.5 0.947197359867993
10 280001 3e+05 290000.5 3 5.13281149749775 820 fermentation 1 0.584475 290000.5 0.95894794739737
10 300001 320000 310000.5 0 5 1316 fermentation 1 0 310000.5 0.934196709835492
10 320001 340000 330000.5 0 7 1279 fermentation 1 0 330000.5 0.936046802340117
10 340001 360000 350000.5 0 9.11207856636631 1158 fermentation 1 0 350000.5 0.942097104855243
10 360001 380000 370000.5 0 9.68874894029308 949 fermentation 1 0 370000.5 0.951097554877744
10 380001 4e+05 390000.5 0 4.70809792843691 979 fermentation 1 0 390000.5 0.951047552377619
10 400001 420000 410000.5 2 2.13538330130258 1058 fermentation 1 0.9366 410000.5 0.947097354867743
10 420001 440000 430000.5 6 5.68289448759235 597 fermentation 1 1.0558 430000.5 0.970148507425371
10 440001 460000 450000.5 8 0 0 fermentation 0 Inf 450000.5 1
10 460001 480000 470000.5 8 0 0 fermentation 0 Inf 470000.5 0.999874993749687
10 480001 5e+05 490000.5 12 10.752688172043 51 fermentation 0 1.116 490000.5 0.997449872493625
10 500001 520000 510000.5 2 0 34 fermentation 0 Inf 506004.5 0.99829991499575
10 520001 540000 530000.5 14 11.7416829745597 55 fermentation 0 1.19233333333333 486004.5 0.997249862493125
10 540001 560000 550000.5 2 28.6532951289398 16 fermentation 0 0.0698 466004.5 0.997724886244312
10 560001 580000 570000.5 7 166.666666666667 4 fermentation 0 0.042 446004.5 0.999624981249062
10 580001 6e+05 590000.5 8 0 60 fermentation 0 Inf 426004.5 0.996824841242062
10 600001 620000 610000.5 0 0 11 fermentation 0 NA 406004.5 0.999449972498625
10 620001 640000 630000.5 19 0 0 fermentation 0 Inf 386004.5 1
10 640001 660000 650000.5 0 0 28 fermentation 0 NA 366004.5 0.9985999299965
10 660001 680000 670000.5 5 15.7418339236521 57 fermentation 0 0.317625 346004.5 0.997149857492875
10 680001 7e+05 690000.5 3.25 31.8217979315831 31 fermentation 0 0.10213125 326004.5 0.998449922496125
10 700001 720000 710000.5 0.5 0 0 fermentation 0 Inf 306004.5 1
10 720001 740000 730000.5 9.25 0 0 fermentation 0 Inf 286004.5 1
10 740001 760000 750000.5 6 7.54147812971342 74 fermentation 0 0.7956 266004.5 0.996299814990749
10 760001 780000 770000.5 1 9.61168781237985 139 fermentation 0 0.10404 246004.5 0.992924646232312
10 780001 8e+05 790000.5 6 25.5918106206014 50 fermentation 0 0.23445 226004.5 0.99749987499375
10 800001 820000 810000.5 4 0 68 fermentation 0 Inf 206004.5 0.9965998299915
10 820001 840000 830000.5 6 12.2299225438239 62 fermentation 0 0.4906 186004.5 0.99689984499225
10 840001 860000 850000.5 3 13.8312586445367 32 fermentation 0 0.2169 166004.5 0.998399919996
10 860001 880000 870000.5 10 9.37207122774133 95 fermentation 0 1.067 146004.5 0.995249762488124
10 880001 9e+05 890000.5 4 5.64334085778781 50 fermentation 0 0.7088 126004.5 0.99749987499375
10 900001 920000 910000.5 4 5.35618639528656 43 fermentation 0 0.7468 106004.5 0.997849892494625
10 920001 940000 930000.5 0 0 20 fermentation 0 NA 86004.5 0.9989999499975
10 940001 960000 950000.5 8 0 7 fermentation 0 Inf 66004.5 0.997024851242562
10 960001 980000 970000.5 12 19.1350937619594 54 fermentation 0 0.62712 46004.5 0.99729986499325
10 980001 1e+06 990000.5 5 8.79507475813544 25 fermentation 0 0.5685 26004.5 0.998749937496875
10 1000001 1020000 1010000.5 0 0 1 fermentation 0 NA 6004.5 0.999949997499875
11 1 20000 10000.5 0 0 0 fermentation 0 NA 10000.5 0.999149957497875
11 20001 40000 30000.5 5 0 7 fermentation 0 Inf 30000.5 0.999649982499125
11 40001 60000 50000.5 6.25 0 1 fermentation 0 Inf 50000.5 0.999949997499875
11 60001 80000 70000.5 6.5 0 0 fermentation 0 Inf 70000.5 1
11 80001 1e+05 90000.5 5.25 0 15 fermentation 0 Inf 90000.5 0.999249962498125
11 100001 120000 110000.5 2 0 31 fermentation 0 Inf 110000.5 0.998449922496125
11 120001 140000 130000.5 3 30.2571860816944 42 fermentation 0 0.09915 130000.5 0.997874893744687
11 140001 160000 150000.5 10 0 10 fermentation 0 Inf 150000.5 0.99949997499875
11 160001 180000 170000.5 3 41.1522633744856 23 fermentation 0 0.0729 170000.5 0.998849942497125
11 180001 2e+05 190000.5 1 14.5560407569141 34 fermentation 0 0.0687 190000.5 0.99829991499575
11 200001 220000 210000.5 4 10.5485232067511 46 fermentation 0 0.3792 210000.5 0.99769988499425
11 220001 240000 230000.5 8 21.8102508178844 22 fermentation 0 0.3668 230000.5 0.99889994499725
11 240001 260000 250000.5 4 9.14355379457482 73 fermentation 0 0.437466666666667 250000.5 0.996349817490875
11 260001 280000 270000.5 5 13.0975769482646 38 fermentation 0 0.38175 270000.5 0.99809990499525
11 280001 3e+05 290000.5 0 6.59630606860158 83 fermentation 0 0 290000.5 0.995849792489624
11 300001 320000 310000.5 4 0 62 fermentation 0 Inf 310000.5 0.99689984499225
11 320001 340000 330000.5 1 0 62 fermentation 0 Inf 305710.5 0.99689984499225
11 340001 360000 350000.5 12 0 6 fermentation 0 Inf 285710.5 0.99969998499925
11 360001 380000 370000.5 9 6.4143681847338 39 fermentation 0 1.4031 265710.5 0.998049902495125
11 380001 4e+05 390000.5 2.25 0 3 fermentation 0 Inf 245710.5 0.999849992499625
11 400001 420000 410000.5 4.5 0 0 fermentation 0 Inf 225710.5 0.999874993749687
11 420001 440000 430000.5 6.0833 0 1 fermentation 0 Inf 205710.5 0.999949997499875
11 440001 460000 450000.5 5.6667 0 0 fermentation 0 Inf 185710.5 1
11 460001 480000 470000.5 5.6667 0 0 fermentation 0 Inf 165710.5 1
11 480001 5e+05 490000.5 3.8333 0 1 fermentation 0 Inf 145710.5 0.999924996249812
11 500001 520000 510000.5 25 48.7092060399415 40 fermentation 0 0.51325 125710.5 0.997999899995
11 520001 540000 530000.5 2 0 34 fermentation 0 Inf 105710.5 0.998174908745437
11 540001 560000 550000.5 7 0 6 fermentation 0 Inf 85710.5 0.99969998499925
11 560001 580000 570000.5 7 0 29 fermentation 0 Inf 65710.5 0.998549927496375
11 580001 6e+05 590000.5 5 2.26398007697532 81 fermentation 0 2.2085 45710.5 0.995949797489874
11 600001 620000 610000.5 3 5.93471810089021 51 fermentation 0 0.5055 25710.5 0.997449872493625
11 620001 640000 630000.5 0 0 21 fermentation 0 NA 5710.5 0.99809990499525
12 1 20000 10000.5 3.25 0 2 fermentation 0 Inf 10000.5 0.999724986249312
12 20001 40000 30000.5 4.5 0 0 fermentation 0 Inf 30000.5 1
12 40001 60000 50000.5 18.25 0 7 fermentation 0 Inf 50000.5 0.999649982499125
12 60001 80000 70000.5 9 57.8871201157742 21 fermentation 0 0.155475 70000.5 0.998924946247312
12 80001 1e+05 90000.5 6 0 32 fermentation 0 Inf 90000.5 0.998399919996
12 100001 120000 110000.5 0.5 0 41 fermentation 0 Inf 110000.5 0.997849892494625
12 120001 140000 130000.5 1 0 0 fermentation 0 Inf 130000.5 1
12 140001 160000 150000.5 3.8333 0 1 fermentation 0 Inf 150000.5 0.999749987499375
12 160001 180000 170000.5 4.6667 0 0 fermentation 0 Inf 170000.5 1
12 180001 2e+05 190000.5 4.6667 0 0 fermentation 0 Inf 190000.5 1
12 200001 220000 210000.5 6.3333 0 32 fermentation 0 Inf 210000.5 0.998399919996
12 220001 240000 230000.5 0 0 61 fermentation 0 NA 215541.5 0.996949847492375
12 240001 260000 250000.5 10 24.5821042281219 44 fermentation 0 0.4068 195541.5 0.9977998899945
12 260001 280000 270000.5 3 0 68 fermentation 0 Inf 175541.5 0.9965998299915
12 280001 3e+05 290000.5 3 0 18 fermentation 0 Inf 155541.5 0.99909995499775
12 300001 320000 310000.5 11 0 1 fermentation 0 Inf 135541.5 0.999949997499875
12 320001 340000 330000.5 13 3.30797221303341 59 fermentation 0 3.9299 115541.5 0.997049852492625
12 340001 360000 350000.5 2 7.53295668549906 63 fermentation 0 0.2655 95541.5 0.996849842492125
12 360001 380000 370000.5 0 2.34192037470726 82 fermentation 0 0 75541.5 0.995899794989749
12 380001 4e+05 390000.5 1 0 8 fermentation 0 Inf 55541.5 0.999599979999
12 400001 420000 410000.5 0 0 0 fermentation 0 NA 35541.5 1
12 420001 440000 430000.5 0 0 0 fermentation 0 NA 15541.5 0.999474973748687
12 440001 460000 450000.5 0 0 0 fermentation 0 NA 0 1
13 1 20000 10000.5 5 72.4020442930153 234 fermentation 0 0.0690588235294118 10000.5 0.986674333716686
13 20001 40000 30000.5 2 25.0990752972259 832 fermentation 1 0.0796842105263158 30000.5 0.958197909895495
13 40001 60000 50000.5 2 28 1169 fermentation 1 0.0714285714285714 50000.5 0.941547077353868
13 60001 80000 70000.5 1 25.6383960619424 1241 fermentation 1 0.039004 70000.5 0.937946897344867
13 80001 1e+05 90000.5 0 30.0691590658515 1195 fermentation 1 0 90000.5 0.940247012350618
13 100001 120000 110000.5 4.3333 16.4473684210526 199 fermentation 1 0.26346464 110000.5 0.990049502475124
13 120001 140000 130000.5 8.6667 0 0 fermentation 0 Inf 130000.5 0.9993999699985
13 140001 160000 150000.5 8.6667 0 0 fermentation 0 Inf 150000.5 1
13 160001 180000 170000.5 7.3333 0 10 fermentation 0 Inf 170000.5 0.99929996499825
13 180001 2e+05 190000.5 4 0 1 fermentation 0 Inf 190000.5 0.999949997499875
13 200001 220000 210000.5 12 0 3 fermentation 0 Inf 210000.5 0.999849992499625
13 220001 240000 230000.5 5 11.8133490844654 48 fermentation 0 0.42325 230000.5 0.997599879994
13 240001 260000 250000.5 0 0 32 fermentation 0 NA 250000.5 0.998399919996
13 260001 280000 270000.5 1.25 0 32 fermentation 0 Inf 270000.5 0.998399919996
13 280001 3e+05 290000.5 2.5 0 0 fermentation 0 Inf 290000.5 1
13 300001 320000 310000.5 5.25 0 76 fermentation 0 Inf 310000.5 0.9961998099905
13 320001 340000 330000.5 8.5 36.101083032491 18 fermentation 0 0.23545 330000.5 0.99909995499775
13 340001 360000 350000.5 7 0 0 fermentation 0 Inf 350000.5 1
13 360001 380000 370000.5 7 0 0 fermentation 0 Inf 370000.5 1
13 380001 4e+05 390000.5 4.5 0 5 fermentation 0 Inf 390000.5 0.999749987499375
13 400001 420000 410000.5 1 13.4228187919463 30 fermentation 0 0.0745 410000.5 0.99849992499625
13 420001 440000 430000.5 3.6667 0 24 fermentation 0 Inf 430000.5 0.998799939997
13 440001 460000 450000.5 7.3333 0 0 fermentation 0 Inf 450000.5 1
13 460001 480000 470000.5 7.3333 0 0 fermentation 0 Inf 437340.5 1
13 480001 5e+05 490000.5 3.6667 0 21 fermentation 0 Inf 417340.5 0.998949947497375
13 500001 520000 510000.5 2 0 8 fermentation 0 Inf 397340.5 0.999599979999
13 520001 540000 530000.5 5 0 40 fermentation 0 Inf 377340.5 0.997999899995
13 540001 560000 550000.5 6 0 1 fermentation 0 Inf 357340.5 0.999949997499875
13 560001 580000 570000.5 4 0 9 fermentation 0 Inf 337340.5 0.999549977498875
13 580001 6e+05 590000.5 2.1667 0 32 fermentation 0 Inf 317340.5 0.99829991499575
13 600001 620000 610000.5 4.3333 0 0 fermentation 0 Inf 297340.5 1
13 620001 640000 630000.5 4.3333 0 0 fermentation 0 Inf 277340.5 0.999949997499875
13 640001 660000 650000.5 7.1667 0 1 fermentation 0 Inf 257340.5 0.999949997499875
13 660001 680000 670000.5 2.375 0 1 fermentation 0 Inf 237340.5 0.999949997499875
13 680001 7e+05 690000.5 4.75 0 0 fermentation 0 Inf 217340.5 1
13 700001 720000 710000.5 4.75 0 0 fermentation 0 Inf 197340.5 1
13 720001 740000 730000.5 4.75 0 0 fermentation 0 Inf 177340.5 1
13 740001 760000 750000.5 7.125 0 9 fermentation 0 Inf 157340.5 0.999549977498875
13 760001 780000 770000.5 3.5 0 0 fermentation 0 Inf 137340.5 1
13 780001 8e+05 790000.5 4.75 13.7551581843191 19 fermentation 0 0.345325 117340.5 0.999049952497625
13 800001 820000 810000.5 6 0 57 fermentation 0 Inf 97340.5 0.997149857492875
13 820001 840000 830000.5 6 0 31 fermentation 0 Inf 77340.5 0.998449922496125
13 840001 860000 850000.5 6 9.36621916952857 70 fermentation 0 0.6406 57340.5 0.99649982499125
13 860001 880000 870000.5 7 24.9376558603491 20 fermentation 0 0.2807 37340.5 0.9989999499975
13 880001 9e+05 890000.5 4 11.8133490844654 46 fermentation 0 0.3386 17340.5 0.99769988499425
13 900001 920000 910000.5 1 0 20 fermentation 0 Inf 0 0.997649882494125
14 1 20000 10000.5 0 0 0 fermentation 1 NA 10000.5 0.999849992499625
14 20001 40000 30000.5 12 39.2670157068063 45 fermentation 1 0.3056 30000.5 0.997749887494375
14 40001 60000 50000.5 10 33.2963374028857 29 fermentation 1 0.300333333333333 50000.5 0.998549927496375
14 60001 80000 70000.5 6 7.62195121951219 53 fermentation 1 0.7872 70000.5 0.997349867493375
14 80001 1e+05 90000.5 8 0 20 fermentation 1 Inf 90000.5 0.997174858742937
14 100001 120000 110000.5 7 16.4563905650027 47 fermentation 1 0.425366666666667 110000.5 0.997649882494125
14 120001 140000 130000.5 6 0 31 fermentation 1 Inf 130000.5 0.998449922496125
14 140001 160000 150000.5 3 5.0709939148073 50 fermentation 1 0.5916 150000.5 0.99749987499375
14 160001 180000 170000.5 1 6.70241286863271 46 fermentation 1 0.1492 170000.5 0.99769988499425
14 180001 2e+05 190000.5 3 9.57446808510638 1059 fermentation 1 0.313333333333333 190000.5 0.947047352367618
14 200001 220000 210000.5 3 8.25082508250825 792 fermentation 1 0.3636 210000.5 0.960398019900995
14 220001 240000 230000.5 7 10.5207785376118 235 fermentation 1 0.66535 230000.5 0.988249412470623
14 240001 260000 250000.5 0 15.1220565996976 1071 fermentation 1 0 250000.5 0.946447322366118
14 260001 280000 270000.5 0 12.8796823011699 957 fermentation 1 0 270000.5 0.952147607380369
14 280001 3e+05 290000.5 0 19.7525730325398 1010 fermentation 1 0 290000.5 0.949497474873744
14 300001 320000 310000.5 0 17.0443152195709 1226 fermentation 1 0 310000.5 0.938696934846742
14 320001 340000 330000.5 0 14.5484776057363 1104 fermentation 1 0 330000.5 0.944797239861993
14 340001 360000 350000.5 1 12.5549278091651 968 fermentation 1 0.07965 350000.5 0.951597579878994
14 360001 380000 370000.5 0 18.2871075891496 1215 fermentation 1 0 370000.5 0.939246962348117
14 380001 4e+05 390000.5 0 15.7035175879397 1138 fermentation 1 0 360655.5 0.943097154857743
14 400001 420000 410000.5 1 18.3992640294388 1103 fermentation 1 0.05435 340655.5 0.944847242362118
14 420001 440000 430000.5 0 15.6396621832968 1075 fermentation 1 0 320655.5 0.946247312365618
14 440001 460000 450000.5 1 9.6576885931967 1000 fermentation 1 0.103544444444444 300655.5 0.949997499874994
14 460001 480000 470000.5 0 16.06264431282 1235 fermentation 1 0 280655.5 0.938246912345617
14 480001 5e+05 490000.5 1 20.3314018501576 1038 fermentation 1 0.049185 260655.5 0.948097404870244
14 500001 520000 510000.5 2 12.108980827447 1004 fermentation 1 0.165166666666667 240655.5 0.949797489874494
14 520001 540000 530000.5 1 15.242353419368 1170 fermentation 1 0.0656066666666667 220655.5 0.941497074853743
14 540001 560000 550000.5 1 18.677213799165 862 fermentation 1 0.0535411764705882 200655.5 0.956897844892245
14 560001 580000 570000.5 1 18.7930674462309 1116 fermentation 1 0.0532111111111111 180655.5 0.944197209860493
14 580001 6e+05 590000.5 2 7.07513796519032 301 fermentation 1 0.28268 160655.5 0.984949247462373
14 600001 620000 610000.5 0 3.34224598930481 71 fermentation 0 0 140655.5 0.996424821241062
14 620001 640000 630000.5 9 11.0741971207087 58 fermentation 0 0.8127 120655.5 0.99709985499275
14 640001 660000 650000.5 15 19.4552529182879 41 fermentation 0 0.771 100655.5 0.997949897494875
14 660001 680000 670000.5 10 8.5397096498719 54 fermentation 0 1.171 80655.5 0.99729986499325
14 680001 7e+05 690000.5 11 5.71102227298686 39 fermentation 0 1.9261 60655.5 0.998049902495125
14 700001 720000 710000.5 13 0 12 fermentation 0 Inf 40655.5 0.988199409970498
14 720001 740000 730000.5 1 140.712945590994 38 fermentation 0 0.00710666666666667 20655.5 0.973873693684684
14 740001 760000 750000.5 0 0 0 fermentation 0 NA 655.5 0.987224361218061
15 1 20000 10000.5 2.6667 0 1 fermentation 0 Inf 10000.5 0.999549977498875
15 20001 40000 30000.5 5.3333 0 0 fermentation 0 Inf 30000.5 1
15 40001 60000 50000.5 5.3333 0 0 fermentation 0 Inf 50000.5 0.998749937496875
15 60001 80000 70000.5 5.6667 0 39 fermentation 0 Inf 70000.5 0.998049902495125
15 80001 1e+05 90000.5 7 0 41 fermentation 0 Inf 90000.5 0.997924896244812
15 100001 120000 110000.5 8 8.31946755407654 67 fermentation 0 0.9616 110000.5 0.996649832491625
15 120001 140000 130000.5 8.1667 5.86510263929619 52 fermentation 0 1.39242235 130000.5 0.9973998699935
15 140001 160000 150000.5 6.3333 0 0 fermentation 0 Inf 150000.5 1
15 160001 180000 170000.5 6.3333 0 0 fermentation 0 Inf 170000.5 1
15 180001 2e+05 190000.5 7.1667 60.2409638554217 12 fermentation 0 0.11896722 190000.5 0.9993999699985
15 200001 220000 210000.5 9 0 51 fermentation 0 Inf 210000.5 0.997449872493625
15 220001 240000 230000.5 2 12.7877237851662 34 fermentation 0 0.1564 230000.5 0.99829991499575
15 240001 260000 250000.5 7 9.52683391552874 68 fermentation 0 0.734766666666667 250000.5 0.9965998299915
15 260001 280000 270000.5 9 0 7 fermentation 0 Inf 270000.5 0.999649982499125
15 280001 3e+05 290000.5 2 10.4275286757039 53 fermentation 0 0.1918 290000.5 0.997349867493375
15 300001 320000 310000.5 2 8.72981230903536 60 fermentation 0 0.2291 310000.5 0.9969998499925
15 320001 340000 330000.5 0 4.7438330170778 67 fermentation 0 0 330000.5 0.996649832491625
15 340001 360000 350000.5 13 0 33 fermentation 0 Inf 350000.5 0.998349917495875
15 360001 380000 370000.5 0 18.2738262580827 777 fermentation 1 0 370000.5 0.96114805740287
15 380001 4e+05 390000.5 1 25.5284386806903 1108 fermentation 1 0.039172 373748.5 0.944597229861493
15 400001 420000 410000.5 2 23.5704037712646 1077 fermentation 1 0.0848521739130435 353748.5 0.946147307365368
15 420001 440000 430000.5 4.25 36.4451920381273 795 fermentation 1 0.116613461538462 333748.5 0.959072953647682
15 440001 460000 450000.5 8.5 0 0 fermentation 0 Inf 313748.5 1
15 460001 480000 470000.5 7.25 10.7181136120043 20 fermentation 0 0.676425 293748.5 0.9989999499975
15 480001 5e+05 490000.5 2 0 0 fermentation 0 Inf 273748.5 1
15 500001 520000 510000.5 3 0 16 fermentation 0 Inf 253748.5 0.999199959998
15 520001 540000 530000.5 5 9.30232558139535 73 fermentation 0 0.5375 233748.5 0.996349817490875
15 540001 560000 550000.5 4 24.2865816636308 52 fermentation 0 0.1647 213748.5 0.9973998699935
15 560001 580000 570000.5 2 17.7619893428064 27 fermentation 0 0.1126 193748.5 0.998649932496625
15 580001 6e+05 590000.5 5 5.97728631201435 46 fermentation 0 0.8365 173748.5 0.99769988499425
15 600001 620000 610000.5 1 4.72366556447803 59 fermentation 0 0.2117 153748.5 0.997049852492625
15 620001 640000 630000.5 6 0 29 fermentation 0 Inf 133748.5 0.998549927496375
15 640001 660000 650000.5 4 0 35 fermentation 0 Inf 113748.5 0.997024851242562
15 660001 680000 670000.5 5 15.8982511923688 16 fermentation 0 0.3145 93748.5 0.999199959998
15 680001 7e+05 690000.5 15 20.2634245187437 27 fermentation 0 0.74025 73748.5 0.998649932496625
15 700001 720000 710000.5 8.75 16.0642570281125 68 fermentation 0 0.5446875 53748.5 0.9965998299915
15 720001 740000 730000.5 9.5 0 0 fermentation 0 Inf 33748.5 1
15 740001 760000 750000.5 4.75 0 6 fermentation 0 Inf 13748.5 0.998849942497125
15 760001 780000 770000.5 0 0 0 fermentation 0 NA 0 1
16 1 20000 10000.5 0 3.63504180298073 67 fermentation 0 0 10000.5 0.992799639981999
16 20001 40000 30000.5 45 0 3 fermentation 0 Inf 30000.5 0.99749987499375
16 40001 60000 50000.5 13.25 0 7 fermentation 0 Inf 50000.5 0.999274963748187
16 60001 80000 70000.5 4.5 0 0 fermentation 0 Inf 70000.5 1
16 80001 1e+05 90000.5 17.25 0 12 fermentation 0 Inf 90000.5 0.9993999699985
16 100001 120000 110000.5 1 0 2 fermentation 0 Inf 110000.5 0.99989999499975
16 120001 140000 130000.5 12 0 9 fermentation 0 Inf 130000.5 0.999549977498875
16 140001 160000 150000.5 1.875 0 1 fermentation 0 Inf 150000.5 0.999949997499875
16 160001 180000 170000.5 3.75 0 0 fermentation 0 Inf 170000.5 1
16 180001 2e+05 190000.5 3.75 0 0 fermentation 0 Inf 190000.5 1
16 200001 220000 210000.5 3.75 0 0 fermentation 0 Inf 210000.5 1
16 220001 240000 230000.5 6.875 18.4388444990781 46 fermentation 0 0.372854166666667 230000.5 0.99769988499425
16 240001 260000 250000.5 2 0 39 fermentation 0 Inf 250000.5 0.998049902495125
16 260001 280000 270000.5 2 0 16 fermentation 0 Inf 270000.5 0.999199959998
16 280001 3e+05 290000.5 3 11.0071546505228 46 fermentation 0 0.27255 290000.5 0.99769988499425
16 300001 320000 310000.5 1 9.95520159283226 52 fermentation 0 0.10045 310000.5 0.9973998699935
16 320001 340000 330000.5 1 0 32 fermentation 0 Inf 330000.5 0.998399919996
16 340001 360000 350000.5 5 15.3846153846154 27 fermentation 0 0.325 350000.5 0.998649932496625
16 360001 380000 370000.5 4 0 49 fermentation 0 Inf 370000.5 0.997549877493875
16 380001 4e+05 390000.5 8 11.0741971207087 88 fermentation 0 0.7224 390000.5 0.995599779988999
16 400001 420000 410000.5 1 17.5438596491228 15 fermentation 0 0.057 410000.5 0.999249962498125
16 420001 440000 430000.5 4 11.070110701107 81 fermentation 0 0.361333333333333 430000.5 0.995949797489874
16 440001 460000 450000.5 3 5.80383052814858 48 fermentation 0 0.5169 450000.5 0.997599879994
16 460001 480000 470000.5 16 73.8916256157636 13 fermentation 0 0.216533333333333 448463.5 0.99929996499825
16 480001 5e+05 490000.5 10 0 0 fermentation 0 Inf 428463.5 1
16 500001 520000 510000.5 7 0 1 fermentation 0 Inf 408463.5 0.999949997499875
16 520001 540000 530000.5 7 5.68828213879408 38 fermentation 0 1.2306 388463.5 0.99809990499525
16 540001 560000 550000.5 1 0 53 fermentation 0 Inf 368463.5 0.997324866243312
16 560001 580000 570000.5 3.3333 0 7 fermentation 0 Inf 348463.5 0.999649982499125
16 580001 6e+05 590000.5 2.6667 0 0 fermentation 0 Inf 328463.5 1
16 600001 620000 610000.5 2.6667 0 0 fermentation 0 Inf 308463.5 1
16 620001 640000 630000.5 3.3333 0 1 fermentation 0 Inf 288463.5 0.999949997499875
16 640001 660000 650000.5 4 3.21130378933847 291 fermentation 0 1.2456 268463.5 0.985449272463623
16 660001 680000 670000.5 2 13.1463628396144 93 fermentation 0 0.152133333333333 248463.5 0.995349767488374
16 680001 7e+05 690000.5 11 0 47 fermentation 0 Inf 228463.5 0.997649882494125
16 700001 720000 710000.5 10 6.96378830083565 46 fermentation 0 1.436 208463.5 0.99769988499425
16 720001 740000 730000.5 1 5.52486187845304 44 fermentation 0 0.181 188463.5 0.9977998899945
16 740001 760000 750000.5 1 9.11577028258888 35 fermentation 0 0.1097 168463.5 0.998249912495625
16 760001 780000 770000.5 6.5 0 1 fermentation 0 Inf 148463.5 0.999949997499875
16 780001 8e+05 790000.5 9 0 0 fermentation 0 Inf 128463.5 1
16 800001 820000 810000.5 7.5 0 5 fermentation 0 Inf 108463.5 0.999749987499375
16 820001 840000 830000.5 12 24.2214532871972 70 fermentation 0 0.495428571428571 88463.5 0.99649982499125
16 840001 860000 850000.5 4 12.0264582080577 42 fermentation 0 0.3326 68463.5 0.99789989499475
16 860001 880000 870000.5 4 5.70450656018254 48 fermentation 0 0.7012 48463.5 0.997599879994
16 880001 9e+05 890000.5 3 14.7710487444609 12 fermentation 0 0.2031 28463.5 0.9993999699985
16 900001 920000 910000.5 0 0 0 fermentation 0 NA 8463.5 0.999649982499125
