chr start end mid COcount NCOcount SNPcount cross Introgression CO_NCO_ratio telomere_dist homology GC
1 1 20000 10000.5 0 0 0 natural 0 NA 10000.5 0.998349917495875 0.4293
1 20001 40000 30000.5 0 7 1 natural 0 0 30000.5 0.999949997499875 0.4647
1 40001 60000 50000.5 7 1 26 natural 0 7 50000.5 0.99869993499675 0.4379
1 60001 80000 70000.5 5 1 40 natural 0 5 70000.5 0.997999899995 0.4074
1 80001 1e+05 90000.5 3 2 52 natural 0 1.5 90000.5 0.9973998699935 0.4584
1 100001 120000 110000.5 14 0 19 natural 0 Inf 79980.5 0.998374918745937 0.434
1 120001 140000 130000.5 0 0 39 natural 0 NA 59980.5 0.998049902495125 0.38075
1 140001 160000 150000.5 25 1 1 natural 0 25 39980.5 0.999849992499625 0.4147
1 160001 180000 170000.5 12 9 95 natural 0 1.33333333333333 19980.5 0.995199759987999 0.4155
1 180001 2e+05 190000.5 1 1 34 natural 0 1 0 0.998174908745437 0.17375
2 1 20000 10000.5 4 0 36 natural 0 Inf 10000.5 0.994299714985749 0.4102
2 20001 40000 30000.5 13 3 39 natural 0 4.33333333333333 30000.5 0.998049902495125 0.40495
2 40001 60000 50000.5 4 0 90 natural 0 Inf 50000.5 0.995499774988749 0.3877
2 60001 80000 70000.5 5 4 57 natural 0 1.25 70000.5 0.997149857492875 0.3916
2 80001 1e+05 90000.5 4 3 60 natural 0 1.33333333333333 90000.5 0.9969998499925 0.4054
2 100001 120000 110000.5 11 0 2 natural 0 Inf 110000.5 0.99989999499975 0.3969
2 120001 140000 130000.5 4 0 39 natural 0 Inf 130000.5 0.997999899995 0.4155
2 140001 160000 150000.5 8 3 0 natural 0 2.66666666666667 150000.5 1 0.3933
2 160001 180000 170000.5 11 0 88 natural 0 Inf 170000.5 0.995599779988999 0.40535
2 180001 2e+05 190000.5 14 5 47 natural 0 2.8 190000.5 0.996349817490875 0.4654
2 200001 220000 210000.5 6.75 0 1 natural 0 Inf 210000.5 0.999949997499875 0.3908
2 220001 240000 230000.5 3.5 0 0 natural 0 Inf 230000.5 1 0.37515
2 240001 260000 250000.5 6.25 0 6 natural 0 Inf 250000.5 0.99969998499925 0.4167
2 260001 280000 270000.5 5 0 0 natural 0 Inf 270000.5 1 0.3807
2 280001 3e+05 290000.5 11.5 1 21 natural 0 11.5 290000.5 0.998949947497375 0.3982
2 300001 320000 310000.5 5.5 0 1 natural 0 Inf 310000.5 0.999949997499875 0.38445
2 320001 340000 330000.5 5 0 0 natural 0 Inf 330000.5 1 0.38605
2 340001 360000 350000.5 7 0 1 natural 0 Inf 350000.5 0.999949997499875 0.3896
2 360001 380000 370000.5 7 0 0 natural 0 Inf 370000.5 1 0.39125
2 380001 4e+05 390000.5 8 0 1 natural 0 Inf 390000.5 0.999949997499875 0.3933
2 400001 420000 410000.5 7 0 0 natural 0 Inf 410000.5 0.999974998749937 0.385
2 420001 440000 430000.5 15.5 0 1 natural 0 Inf 430000.5 0.999949997499875 0.3883
2 440001 460000 450000.5 0 0 1 natural 0 NA 450000.5 0.999949997499875 0.3838
2 460001 480000 470000.5 5 0 41 natural 0 Inf 470000.5 0.997949897494875 0.38145
2 480001 5e+05 490000.5 3.5 0 66 natural 0 Inf 490000.5 0.99669983499175 0.39
2 500001 520000 510000.5 7 0 0 natural 0 Inf 510000.5 1 0.39245
2 520001 540000 530000.5 7 0 0 natural 0 Inf 530000.5 1 0.37315
2 540001 560000 550000.5 7 0 0 natural 0 Inf 550000.5 1 0.39
2 560001 580000 570000.5 7 1 0 natural 0 7 570000.5 1 0.39075
2 580001 6e+05 590000.5 4.5 0 1 natural 0 Inf 590000.5 0.999924996249812 0.387
2 600001 620000 610000.5 2 0 0 natural 0 Inf 610000.5 1 0.38825
2 620001 640000 630000.5 4 0 42 natural 0 Inf 630000.5 0.99789989499475 0.4162
2 640001 660000 650000.5 1 1 146 natural 0 1 639934.5 0.992699634981749 0.3989
2 660001 680000 670000.5 5 2 165 natural 0 2.5 619934.5 0.991724586229311 0.37845
2 680001 7e+05 690000.5 3 0 139 natural 0 Inf 599934.5 0.993049652482624 0.37885
2 700001 720000 710000.5 15 3 117 natural 0 5 579934.5 0.994099704985249 0.4138
2 720001 740000 730000.5 2 0 248 natural 0 Inf 559934.5 0.987474373718686 0.4031
2 740001 760000 750000.5 2 0 207 natural 0 Inf 539934.5 0.989599479973999 0.38205
2 760001 780000 770000.5 11 4 140 natural 0 2.75 519934.5 0.992999649982499 0.3969
2 780001 8e+05 790000.5 2 1 158 natural 0 2 499934.5 0.991949597479874 0.3785
2 800001 820000 810000.5 2 0 142 natural 0 Inf 479934.5 0.992899644982249 0.3882
2 820001 840000 830000.5 4 3 141 natural 0 1.33333333333333 459934.5 0.992949647482374 0.39185
2 840001 860000 850000.5 4.125 1 81 natural 0 4.125 439934.5 0.995949797489874 0.39205
2 860001 880000 870000.5 6.25 0 0 natural 0 Inf 419934.5 1 0.37915
2 880001 9e+05 890000.5 6.25 0 0 natural 0 Inf 399934.5 1 0.40325
2 900001 920000 910000.5 6.25 0 0 natural 0 Inf 379934.5 0.999174958747937 0.37645
2 920001 940000 930000.5 7.7917 0 1 natural 0 Inf 359934.5 0.9997999899995 0.39425
2 940001 960000 950000.5 7.3333 0 0 natural 0 Inf 339934.5 1 0.38835
2 960001 980000 970000.5 7.3333 0 0 natural 0 Inf 319934.5 1 0.38125
2 980001 1e+06 990000.5 4.6667 0 0 natural 0 Inf 299934.5 0.999749987499375 0.4092
2 1000001 1020000 1010000.5 6 1 50 natural 0 6 279934.5 0.99749987499375 0.41305
2 1020001 1040000 1030000.5 9 1 35 natural 0 9 259934.5 0.998249912495625 0.4078
2 1040001 1060000 1050000.5 2 0 61 natural 0 Inf 239934.5 0.996849842492125 0.40175
2 1060001 1080000 1070000.5 2 0 37 natural 0 Inf 219934.5 0.998149907495375 0.4025
2 1080001 1100000 1090000.5 7 2 117 natural 0 3.5 199934.5 0.994149707485374 0.41105
2 1100001 1120000 1110000.5 6 1 38 natural 0 6 179934.5 0.99809990499525 0.39
2 1120001 1140000 1130000.5 1 2 36 natural 0 0.5 159934.5 0.9981999099955 0.39075
2 1140001 1160000 1150000.5 2 2 61 natural 0 1 139934.5 0.996849842492125 0.39735
2 1160001 1180000 1170000.5 12 1 58 natural 0 12 119934.5 0.996949847492375 0.43195
2 1180001 1200000 1190000.5 4 5 39 natural 0 0.8 99934.5 0.998049902495125 0.42665
2 1200001 1220000 1210000.5 1 1 24 natural 0 1 79934.5 0.998799939997 0.3716
2 1220001 1240000 1230000.5 26 0 39 natural 0 Inf 59934.5 0.998049902495125 0.4108
2 1240001 1260000 1250000.5 4 4 58 natural 0 1 39934.5 0.99709985499275 0.3837
2 1260001 1280000 1270000.5 50 0 259 natural 0 Inf 19934.5 0.986824341217061 0.3986
2 1280001 1300000 1290000.5 0 0 101 natural 0 NA 0 0.994349717485874 0.20025
3 1 20000 10000.5 1 1 199 natural 0 1 10000.5 0.989949497474874 0.42855
3 20001 40000 30000.5 0 0 4 natural 0 NA 30000.5 0.999649982499125 0.3702
3 40001 60000 50000.5 7 0 43 natural 0 Inf 50000.5 0.9977998899945 0.38095
3 60001 80000 70000.5 1 0 90 natural 0 Inf 70000.5 0.995399769988499 0.3847
3 80001 1e+05 90000.5 3 0 118 natural 0 Inf 90000.5 0.993999699984999 0.37105
3 100001 120000 110000.5 4 0 43 natural 0 Inf 110000.5 0.997849892494625 0.3792
3 120001 140000 130000.5 32 4 74 natural 0 8 130000.5 0.996299814990749 0.49515
3 140001 160000 150000.5 5 4 232 natural 0 1.25 145074.5 0.987249362468123 0.4204
3 160001 180000 170000.5 10 3 55 natural 0 3.33333333333333 125074.5 0.997249862493125 0.4475
3 180001 2e+05 190000.5 8 0 22 natural 0 Inf 105074.5 0.998724936246812 0.40845
3 200001 220000 210000.5 51 0 7 natural 0 Inf 85074.5 0.997649882494125 0.375
3 220001 240000 230000.5 1 0 43 natural 0 Inf 65074.5 0.997849892494625 0.38125
3 240001 260000 250000.5 11 1 62 natural 0 11 45074.5 0.996849842492125 0.4013
3 260001 280000 270000.5 21 11 38 natural 0 1.90909090909091 25074.5 0.997999899995 0.4663
3 280001 3e+05 290000.5 13 4 160 natural 0 3.25 5074.5 0.991649582479124 0.3322
4 1 20000 10000.5 1.5 0 1 natural 0 Inf 10000.5 0.999849992499625 0.3818
4 20001 40000 30000.5 3 0 0 natural 0 Inf 30000.5 0.99929996499825 0.40425
4 40001 60000 50000.5 11.5 0 14 natural 0 Inf 50000.5 0.99929996499825 0.4174
4 60001 80000 70000.5 3 3 60 natural 0 1 70000.5 0.9969998499925 0.3937
4 80001 1e+05 90000.5 7 2 35 natural 0 3.5 90000.5 0.998249912495625 0.4165
4 100001 120000 110000.5 5 1 28 natural 0 5 110000.5 0.9985999299965 0.39355
4 120001 140000 130000.5 18 3 44 natural 0 6 130000.5 0.9977998899945 0.428
4 140001 160000 150000.5 7 4 59 natural 0 1.75 150000.5 0.997049852492625 0.40355
4 160001 180000 170000.5 4 0 53 natural 0 Inf 170000.5 0.997349867493375 0.39195
4 180001 2e+05 190000.5 9 1 17 natural 0 9 190000.5 0.999149957497875 0.40495
4 200001 220000 210000.5 6 3 13 natural 0 2 210000.5 0.999349967498375 0.4034
4 220001 240000 230000.5 9 1 9 natural 0 9 230000.5 0.999549977498875 0.3989
4 240001 260000 250000.5 14 0 0 natural 0 Inf 250000.5 1 0.38415
4 260001 280000 270000.5 13 1 100 natural 0 13 270000.5 0.994999749987499 0.40315
4 280001 3e+05 290000.5 5 3 69 natural 0 1.66666666666667 290000.5 0.996549827491375 0.40335
4 300001 320000 310000.5 8 0 12 natural 0 Inf 310000.5 0.9993999699985 0.37845
4 320001 340000 330000.5 0 1 194 natural 0 0 330000.5 0.990099504975249 0.3877
4 340001 360000 350000.5 16 1 121 natural 0 16 350000.5 0.993949697484874 0.44405
4 360001 380000 370000.5 8.75 1 1 natural 0 8.75 370000.5 0.999924996249812 0.40245
4 380001 4e+05 390000.5 3.5 0 0 natural 0 Inf 390000.5 1 0.3936
4 400001 420000 410000.5 11.75 2 13 natural 0 5.875 410000.5 0.999349967498375 0.4063
4 420001 440000 430000.5 4 1 13 natural 0 4 430000.5 0.994599729986499 0.37085
4 440001 460000 450000.5 1 0 21 natural 0 Inf 450000.5 0.998949947497375 0.38235
4 460001 480000 470000.5 2 3 42 natural 0 0.666666666666667 470000.5 0.9973998699935 0.41835
4 480001 5e+05 490000.5 4 1 47 natural 0 4 490000.5 0.997599879994 0.37525
4 500001 520000 510000.5 7 6 67 natural 0 1.16666666666667 473773.5 0.996649832491625 0.3948
4 520001 540000 530000.5 1.3333 0 46 natural 0 Inf 453773.5 0.99769988499425 0.3907
4 540001 560000 550000.5 0.6667 0 0 natural 0 Inf 433773.5 1 0.40925
4 560001 580000 570000.5 0.6667 0 0 natural 0 Inf 413773.5 1 0.38595
4 580001 6e+05 590000.5 24.3333 0 1 natural 0 Inf 393773.5 0.999924996249812 0.40515
4 600001 620000 610000.5 4 0 1 natural 0 Inf 373773.5 0.999949997499875 0.3757
4 620001 640000 630000.5 8 0 0 natural 0 Inf 353773.5 0.999974998749937 0.42615
4 640001 660000 650000.5 10.5 0 1 natural 0 Inf 333773.5 0.999949997499875 0.41875
4 660001 680000 670000.5 11 0 0 natural 0 Inf 313773.5 1 0.3958
4 680001 7e+05 690000.5 6.5 0 1 natural 0 Inf 293773.5 0.999949997499875 0.3712
4 700001 720000 710000.5 3.5 0 3 natural 0 Inf 273773.5 0.999849992499625 0.3758
4 720001 740000 730000.5 5 0 0 natural 0 Inf 253773.5 1 0.38205
4 740001 760000 750000.5 5.5 1 14 natural 0 5.5 233773.5 0.99929996499825 0.39615
4 760001 780000 770000.5 1 0 41 natural 0 Inf 213773.5 0.997949897494875 0.385
4 780001 8e+05 790000.5 4 0 42 natural 0 Inf 193773.5 0.996799839992 0.41515
4 800001 820000 810000.5 4 0 37 natural 0 Inf 173773.5 0.992324616230812 0.40495
4 820001 840000 830000.5 11 0 21 natural 0 Inf 153773.5 0.992349617480874 0.43635
4 840001 860000 850000.5 14 2 41 natural 0 7 133773.5 0.99599979999 0.4394
4 860001 880000 870000.5 9 0 1 natural 1 Inf 113773.5 0.972598629931497 0.40375
4 880001 9e+05 890000.5 6 2 42 natural 1 3 93773.5 0.99789989499475 0.3912
4 900001 920000 910000.5 9 2 68 natural 1 4.5 73773.5 0.9965998299915 0.4112
4 920001 940000 930000.5 2 1 28 natural 1 2 53773.5 0.9985999299965 0.39305
4 940001 960000 950000.5 15 5 46 natural 1 3 33773.5 0.99769988499425 0.39885
4 960001 980000 970000.5 9 1 35 natural 1 9 13773.5 0.998249912495625 0.3938
4 980001 1e+06 990000.5 0 0 3 natural 1 NA 0 0.99949997499875 0.08055
5 1 20000 10000.5 8 5 74 natural 0 1.6 10000.5 0.996299814990749 0.42255
5 20001 40000 30000.5 0 3 270 natural 0 0 30000.5 0.986499324966248 0.3883
5 40001 60000 50000.5 23 2 42 natural 0 11.5 50000.5 0.997849892494625 0.4491
5 60001 80000 70000.5 4 1 181 natural 0 4 70000.5 0.989899494974749 0.40185
5 80001 1e+05 90000.5 4 1 245 natural 0 4 90000.5 0.987599379968998 0.35945
5 100001 120000 110000.5 10 0 2 natural 0 Inf 110000.5 0.99989999499975 0.41525
5 120001 140000 130000.5 3.25 0 1 natural 0 Inf 130000.5 0.999949997499875 0.37665
5 140001 160000 150000.5 0.5 0 0 natural 0 Inf 150000.5 1 0.3811
5 160001 180000 170000.5 8.25 1 46 natural 0 8.25 170000.5 0.997549877493875 0.44505
5 180001 2e+05 190000.5 8 2 59 natural 0 4 190000.5 0.997049852492625 0.4112
5 200001 220000 210000.5 9.75 1 1 natural 0 9.75 210000.5 0.999949997499875 0.39435
5 220001 240000 230000.5 7.5 0 0 natural 0 Inf 230000.5 1 0.39825
5 240001 260000 250000.5 12.75 0 1 natural 0 Inf 250000.5 0.999949997499875 0.40115
5 260001 280000 270000.5 3 1 20 natural 0 3 261349.5 0.9989999499975 0.39895
5 280001 3e+05 290000.5 8 0 59 natural 0 Inf 241349.5 0.997049852492625 0.38675
5 300001 320000 310000.5 14 0 29 natural 0 Inf 221349.5 0.998549927496375 0.44305
5 320001 340000 330000.5 0 0 39 natural 0 NA 201349.5 0.998049902495125 0.39935
5 340001 360000 350000.5 4 1 49 natural 0 4 181349.5 0.997549877493875 0.3836
5 360001 380000 370000.5 5 4 42 natural 0 1.25 161349.5 0.997849892494625 0.4041
5 380001 4e+05 390000.5 5.875 0 26 natural 0 Inf 141349.5 0.99869993499675 0.3808
5 400001 420000 410000.5 9.75 0 0 natural 0 Inf 121349.5 0.999374968748437 0.38515
5 420001 440000 430000.5 9.75 0 0 natural 0 Inf 101349.5 0.999599979999 0.4276
5 440001 460000 450000.5 9.75 2 0 natural 0 4.875 81349.5 0.999649982499125 0.42015
5 460001 480000 470000.5 5.875 0 12 natural 0 Inf 61349.5 0.998974948747437 0.414
5 480001 5e+05 490000.5 5 1 24 natural 0 5 41349.5 0.998799939997 0.3983
5 500001 520000 510000.5 5 1 42 natural 0 5 21349.5 0.99789989499475 0.39705
5 520001 540000 530000.5 2 0 108 natural 0 Inf 1349.5 0.994549727486374 0.2255
6 1 20000 10000.5 4 0 82 natural 1 Inf 10000.5 0.995724786239312 0.4124
6 20001 40000 30000.5 8 0 64 natural 1 Inf 30000.5 0.996799839992 0.41145
6 40001 60000 50000.5 24 0 3 natural 1 Inf 50000.5 0.999849992499625 0.42215
6 60001 80000 70000.5 11 3 59 natural 1 3.66666666666667 70000.5 0.996824841242062 0.45165
6 80001 1e+05 90000.5 2 1 105 natural 0 2 90000.5 0.994524726236312 0.39705
6 100001 120000 110000.5 3 2 44 natural 0 1.5 110000.5 0.997599879994 0.36575
6 120001 140000 130000.5 6 0 59 natural 0 Inf 130000.5 0.996874843742187 0.40675
6 140001 160000 150000.5 6 3 52 natural 0 2 150000.5 0.996624831241562 0.41595
6 160001 180000 170000.5 5 3 46 natural 0 1.66666666666667 170000.5 0.99769988499425 0.4191
6 180001 2e+05 190000.5 9 5 74 natural 0 1.8 190000.5 0.996299814990749 0.39425
6 200001 220000 210000.5 8 7 70 natural 0 1.14285714285714 210000.5 0.99649982499125 0.41325
6 220001 240000 230000.5 9 4 86 natural 0 2.25 230000.5 0.995699784989249 0.4233
6 240001 260000 250000.5 8 4 79 natural 0 2 250000.5 0.99599979999 0.4157
6 260001 280000 270000.5 6 1 47 natural 0 6 253203.5 0.997649882494125 0.41425
6 280001 3e+05 290000.5 5 1 36 natural 0 5 233203.5 0.998174908745437 0.37525
6 300001 320000 310000.5 7.1667 0 6 natural 0 Inf 213203.5 0.99969998499925 0.39605
6 320001 340000 330000.5 8.3333 1 0 natural 0 8.3333 193203.5 1 0.3807
6 340001 360000 350000.5 8.3333 0 0 natural 0 Inf 173203.5 0.998949947497375 0.39035
6 360001 380000 370000.5 4.1667 1 10 natural 0 4.1667 153203.5 0.99949997499875 0.40745
6 380001 4e+05 390000.5 9 4 69 natural 0 2.25 133203.5 0.996449822491125 0.40735
6 400001 420000 410000.5 11 0 21 natural 0 Inf 113203.5 0.998949947497375 0.4149
6 420001 440000 430000.5 3 0 9 natural 0 Inf 93203.5 0.999549977498875 0.40735
6 440001 460000 450000.5 12 3 40 natural 0 4 73203.5 0.997999899995 0.4058
6 460001 480000 470000.5 3 1 72 natural 0 3 53203.5 0.996399819991 0.3877
6 480001 5e+05 490000.5 8 1 44 natural 0 8 33203.5 0.997749887494375 0.39655
6 500001 520000 510000.5 5 4 40 natural 0 1.25 13203.5 0.997999899995 0.39805
6 520001 540000 530000.5 0 0 11 natural 0 NA 0 0.999149957497875 0.0692
7 1 20000 10000.5 4.375 0 9 natural 1 Inf 10000.5 0.999424971248562 0.3923
7 20001 40000 30000.5 8.75 1 0 natural 1 8.75 30000.5 1 0.3831
7 40001 60000 50000.5 8.75 1 0 natural 1 8.75 50000.5 1 0.4059
7 60001 80000 70000.5 8.75 0 0 natural 0 Inf 70000.5 0.999949997499875 0.4096
7 80001 1e+05 90000.5 7.375 0 8 natural 0 Inf 90000.5 0.999574978748937 0.39115
7 100001 120000 110000.5 7 2 58 natural 0 3.5 110000.5 0.997024851242562 0.40515
7 120001 140000 130000.5 5 1 40 natural 0 5 130000.5 0.997999899995 0.3925
7 140001 160000 150000.5 5 1 58 natural 0 5 150000.5 0.99709985499275 0.3975
7 160001 180000 170000.5 6.25 1 11 natural 0 6.25 170000.5 0.999449972498625 0.3875
7 180001 2e+05 190000.5 4.5 0 0 natural 0 Inf 190000.5 1 0.40495
7 200001 220000 210000.5 5.25 0 2 natural 0 Inf 210000.5 0.99989999499975 0.3814
7 220001 240000 230000.5 6 0 0 natural 0 Inf 230000.5 1 0.4051
7 240001 260000 250000.5 3 0 1 natural 0 Inf 250000.5 0.999949997499875 0.381
7 260001 280000 270000.5 17 1 30 natural 0 17 270000.5 0.99849992499625 0.4116
7 280001 3e+05 290000.5 2 0 53 natural 0 Inf 290000.5 0.997349867493375 0.3799
7 300001 320000 310000.5 3 1 48 natural 0 3 310000.5 0.997599879994 0.40055
7 320001 340000 330000.5 2 0 43 natural 0 Inf 330000.5 0.997849892494625 0.3826
7 340001 360000 350000.5 5 0 63 natural 0 Inf 350000.5 0.996799839992 0.37325
7 360001 380000 370000.5 10 2 85 natural 0 5 370000.5 0.995749787489374 0.4334
7 380001 4e+05 390000.5 7 1 38 natural 0 7 390000.5 0.99809990499525 0.3894
7 400001 420000 410000.5 11 1 42 natural 0 11 410000.5 0.997749887494375 0.41975
7 420001 440000 430000.5 5 4 38 natural 0 1.25 430000.5 0.99809990499525 0.4049
7 440001 460000 450000.5 11 0 7 natural 0 Inf 450000.5 0.999649982499125 0.41835
7 460001 480000 470000.5 14 0 10 natural 0 Inf 470000.5 0.999449972498625 0.3891
7 480001 5e+05 490000.5 1 0 10 natural 0 Inf 490000.5 0.99949997499875 0.3739
7 500001 520000 510000.5 9 0 32 natural 0 Inf 510000.5 0.99829991499575 0.41835
7 520001 540000 530000.5 5 1 52 natural 0 5 497507.5 0.994349717485874 0.3919
7 540001 560000 550000.5 6 1 72 natural 0 6 477507.5 0.996349817490875 0.39545
7 560001 580000 570000.5 12 2 50 natural 0 6 457507.5 0.9973998699935 0.3886
7 580001 6e+05 590000.5 5 4 221 natural 0 1.25 437507.5 0.988924446222311 0.3911
7 600001 620000 610000.5 7 1 280 natural 0 7 417507.5 0.985999299964998 0.40785
7 620001 640000 630000.5 1 2 298 natural 0 0.5 397507.5 0.985099254962748 0.4035
7 640001 660000 650000.5 5 4 135 natural 0 1.25 377507.5 0.993249662483124 0.39355
7 660001 680000 670000.5 3 0 2 natural 0 Inf 357507.5 0.99989999499975 0.38185
7 680001 7e+05 690000.5 7 0 0 natural 0 Inf 337507.5 1 0.37695
7 700001 720000 710000.5 1 0 34 natural 0 Inf 317507.5 0.99829991499575 0.3944
7 720001 740000 730000.5 8.5 1 57 natural 0 8.5 297507.5 0.997149857492875 0.3996
7 740001 760000 750000.5 5 0 0 natural 0 Inf 277507.5 1 0.37975
7 760001 780000 770000.5 5 0 0 natural 0 Inf 257507.5 1 0.38685
7 780001 8e+05 790000.5 5 0 0 natural 0 Inf 237507.5 1 0.37815
7 800001 820000 810000.5 22.5 1 15 natural 0 22.5 217507.5 0.999249962498125 0.4125
7 820001 840000 830000.5 1 0 52 natural 0 Inf 197507.5 0.9973998699935 0.38795
7 840001 860000 850000.5 8 0 9 natural 0 Inf 177507.5 0.999549977498875 0.41315
7 860001 880000 870000.5 5 6 40 natural 0 0.833333333333333 157507.5 0.997999899995 0.43345
7 880001 9e+05 890000.5 0 0 0 natural 0 NA 137507.5 1 0.38615
7 900001 920000 910000.5 0 0 0 natural 0 NA 117507.5 0.999949997499875 0.3886
7 920001 940000 930000.5 0 0 0 natural 0 NA 97507.5 1 0.3977
7 940001 960000 950000.5 0 0 0 natural 0 NA 77507.5 1 0.40565
7 960001 980000 970000.5 0 0 0 natural 0 NA 57507.5 1 0.404
7 980001 1e+06 990000.5 0 1 0 natural 0 0 37507.5 1 0.38965
7 1000001 1020000 1010000.5 0 0 0 natural 0 NA 17507.5 1 0.4083
7 1020001 1040000 1030000.5 0 0 0 natural 0 NA 0 1 0.15345
8 1 20000 10000.5 0 1 110 natural 0 0 10000.5 0.993199659982999 0.4044
8 20001 40000 30000.5 3 1 48 natural 0 3 30000.5 0.997599879994 0.4088
8 40001 60000 50000.5 2 1 13 natural 0 2 50000.5 0.999349967498375 0.45555
8 60001 80000 70000.5 17 0 0 natural 0 Inf 70000.5 1 0.41315
8 80001 1e+05 90000.5 6.1667 2 7 natural 0 3.08335 90000.5 0.999649982499125 0.39265
8 100001 120000 110000.5 6.3333 0 0 natural 0 Inf 110000.5 1 0.38475
8 120001 140000 130000.5 6.3333 2 0 natural 0 3.16665 130000.5 1 0.40745
8 140001 160000 150000.5 14.1667 0 4 natural 0 Inf 150000.5 0.9997999899995 0.42305
8 160001 180000 170000.5 0 0 1 natural 0 NA 170000.5 0.999949997499875 0.3935
8 180001 2e+05 190000.5 7.5 0 2 natural 0 Inf 190000.5 0.99989999499975 0.3976
8 200001 220000 210000.5 7 0 0 natural 0 Inf 210000.5 1 0.3903
8 220001 240000 230000.5 7 0 0 natural 0 Inf 230000.5 1 0.40745
8 240001 260000 250000.5 7 0 0 natural 0 Inf 250000.5 1 0.3964
8 260001 280000 270000.5 7.125 0 1 natural 0 Inf 270000.5 0.999924996249812 0.4087
8 280001 3e+05 290000.5 5.25 0 0 natural 0 Inf 290000.5 0.999924996249812 0.3873
8 300001 320000 310000.5 5.25 0 0 natural 0 Inf 310000.5 1 0.3917
8 320001 340000 330000.5 5.25 0 0 natural 0 Inf 330000.5 1 0.38895
8 340001 360000 350000.5 3.625 0 2 natural 0 Inf 350000.5 0.99989999499975 0.39575
8 360001 380000 370000.5 19 2 2 natural 0 9.5 370000.5 0.99989999499975 0.38835
8 380001 4e+05 390000.5 1.8333 1 1 natural 0 1.8333 390000.5 0.999949997499875 0.40035
8 400001 420000 410000.5 3.6667 0 0 natural 0 Inf 396277.5 1 0.38075
8 420001 440000 430000.5 3.6667 0 0 natural 0 Inf 376277.5 1 0.3986
8 440001 460000 450000.5 4.8333 0 1 natural 0 Inf 356277.5 0.999949997499875 0.38335
8 460001 480000 470000.5 2 0 1 natural 0 Inf 336277.5 0.999949997499875 0.3931
8 480001 5e+05 490000.5 9 0 1 natural 0 Inf 316277.5 0.999949997499875 0.4001
8 500001 520000 510000.5 5.1667 0 6 natural 0 Inf 296277.5 0.999524976248812 0.4176
8 520001 540000 530000.5 10.3333 0 0 natural 0 Inf 276277.5 1 0.4011
8 540001 560000 550000.5 10.3333 0 0 natural 0 Inf 256277.5 1 0.39115
8 560001 580000 570000.5 10.1667 0 26 natural 0 Inf 236277.5 0.99869993499675 0.4025
8 580001 6e+05 590000.5 3 2 33 natural 0 1.5 216277.5 0.99829991499575 0.3758
8 600001 620000 610000.5 3 7 27 natural 0 0.428571428571429 196277.5 0.998649932496625 0.38815
8 620001 640000 630000.5 5 0 27 natural 0 Inf 176277.5 0.998649932496625 0.40185
8 640001 660000 650000.5 6 2 6 natural 0 3 156277.5 0.99969998499925 0.3972
8 660001 680000 670000.5 4 0 0 natural 0 Inf 136277.5 1 0.40665
8 680001 7e+05 690000.5 4 0 0 natural 0 Inf 116277.5 1 0.399
8 700001 720000 710000.5 9.25 1 1 natural 0 9.25 96277.5 0.999949997499875 0.3822
8 720001 740000 730000.5 14.5 0 0 natural 0 Inf 76277.5 1 0.4195
8 740001 760000 750000.5 7.25 0 7 natural 0 Inf 56277.5 0.999649982499125 0.39165
8 760001 780000 770000.5 6 0 42 natural 0 Inf 36277.5 0.99789989499475 0.40775
8 780001 8e+05 790000.5 6 2 167 natural 0 3 16277.5 0.991549577478874 0.40685
8 800001 820000 810000.5 0 0 58 natural 0 NA 0 0.997049852492625 0.1278
9 1 20000 10000.5 3 0 96 natural 0 Inf 10000.5 0.991899594979749 0.38365
9 20001 40000 30000.5 2 4 58 natural 0 0.5 30000.5 0.99709985499275 0.40125
9 40001 60000 50000.5 6.6667 0 11 natural 0 Inf 50000.5 0.999449972498625 0.43695
9 60001 80000 70000.5 7.3333 4 0 natural 0 1.833325 70000.5 1 0.38935
9 80001 1e+05 90000.5 7.3333 0 0 natural 0 Inf 90000.5 1 0.4115
9 100001 120000 110000.5 9.6667 0 1 natural 0 Inf 110000.5 0.999949997499875 0.36965
9 120001 140000 130000.5 5 1 18 natural 0 5 130000.5 0.99909995499775 0.4019
9 140001 160000 150000.5 7 6 62 natural 1 1.16666666666667 150000.5 0.99689984499225 0.42775
9 160001 180000 170000.5 15 5 38 natural 1 3 170000.5 0.99809990499525 0.41175
9 180001 2e+05 190000.5 11.3333 0 2 natural 1 Inf 190000.5 0.99989999499975 0.39415
9 200001 220000 210000.5 6.6667 0 0 natural 1 Inf 208339.5 0.9997999899995 0.3826
9 220001 240000 230000.5 6.6667 0 0 natural 1 Inf 188339.5 1 0.42855
9 240001 260000 250000.5 8.3333 4 65 natural 1 2.083325 168339.5 0.996749837491875 0.43885
9 260001 280000 270000.5 7 2 103 natural 1 3.5 148339.5 0.994799739986999 0.4176
9 280001 3e+05 290000.5 9 3 103 natural 1 3 128339.5 0.994749737486874 0.4239
9 300001 320000 310000.5 5 2 283 natural 0 2.5 108339.5 0.985799289964498 0.40125
9 320001 340000 330000.5 2 0 115 natural 0 Inf 88339.5 0.993899694984749 0.4036
9 340001 360000 350000.5 2 0 58 natural 0 Inf 68339.5 0.99709985499275 0.399
9 360001 380000 370000.5 15 5 90 natural 0 3 48339.5 0.995424771238562 0.45175
9 380001 4e+05 390000.5 0 0 0 natural 0 NA 28339.5 1 0.41805
9 400001 420000 410000.5 0 2 0 natural 0 0 8339.5 1 0.38475
10 1 20000 10000.5 44 2 94 natural 0 22 10000.5 0.994774738736937 0.4029
10 20001 40000 30000.5 4 1 48 natural 0 4 30000.5 0.99749987499375 0.4159
10 40001 60000 50000.5 10 5 68 natural 0 2 50000.5 0.9965998299915 0.4018
10 60001 80000 70000.5 3 0 54 natural 0 Inf 70000.5 0.997224861243062 0.393
10 80001 1e+05 90000.5 13 2 42 natural 0 6.5 90000.5 0.99789989499475 0.41325
10 100001 120000 110000.5 13.6667 3 44 natural 0 4.55556666666667 110000.5 0.997649882494125 0.4429
10 120001 140000 130000.5 5.3333 0 0 natural 0 Inf 130000.5 1 0.40105
10 140001 160000 150000.5 5.3333 0 0 natural 0 Inf 150000.5 1 0.3596
10 160001 180000 170000.5 8.6667 1 62 natural 0 8.6667 170000.5 0.99689984499225 0.39145
10 180001 2e+05 190000.5 5 3 87 natural 0 1.66666666666667 190000.5 0.995599779988999 0.39955
10 200001 220000 210000.5 9 3 41 natural 0 3 210000.5 0.997949897494875 0.41165
10 220001 240000 230000.5 8 1 56 natural 1 8 230000.5 0.997199859993 0.38995
10 240001 260000 250000.5 5 2 100 natural 1 2.5 250000.5 0.994849742487124 0.4173
10 260001 280000 270000.5 7 3 49 natural 1 2.33333333333333 270000.5 0.997549877493875 0.40015
10 280001 3e+05 290000.5 2 1 45 natural 1 2 290000.5 0.99769988499425 0.42135
10 300001 320000 310000.5 2 2 70 natural 1 1 310000.5 0.99649982499125 0.38705
10 320001 340000 330000.5 15 0 16 natural 1 Inf 330000.5 0.999199959998 0.4337
10 340001 360000 350000.5 6 1 51 natural 1 6 350000.5 0.997449872493625 0.40035
10 360001 380000 370000.5 10 2 50 natural 1 5 370000.5 0.995349767488374 0.38215
10 380001 4e+05 390000.5 14 2 58 natural 1 7 390000.5 0.997049852492625 0.41955
10 400001 420000 410000.5 5 0 55 natural 1 Inf 410000.5 0.997249862493125 0.40455
10 420001 440000 430000.5 6 1 28 natural 1 6 430000.5 0.9985999299965 0.41605
10 440001 460000 450000.5 6 1 0 natural 0 6 450000.5 1 0.38725
10 460001 480000 470000.5 6 1 0 natural 0 6 470000.5 0.999849992499625 0.3689
10 480001 5e+05 490000.5 10 2 31 natural 0 5 490000.5 0.998424921246062 0.43125
10 500001 520000 510000.5 4 1 33 natural 0 4 506004.5 0.998349917495875 0.39955
10 520001 540000 530000.5 6 2 64 natural 0 3 486004.5 0.996799839992 0.4307
10 540001 560000 550000.5 4 2 32 natural 0 2 466004.5 0.997174858742937 0.39385
10 560001 580000 570000.5 6.8333 0 59 natural 0 Inf 446004.5 0.996824841242062 0.4065
10 580001 6e+05 590000.5 5.6667 1 0 natural 0 5.6667 426004.5 0.999824991249562 0.3734
10 600001 620000 610000.5 5.6667 1 0 natural 0 5.6667 406004.5 0.999974998749937 0.4145
10 620001 640000 630000.5 5.2333 0 1 natural 0 Inf 386004.5 0.999949997499875 0.38225
10 640001 660000 650000.5 4.8 0 0 natural 0 Inf 366004.5 0.999949997499875 0.3783
10 660001 680000 670000.5 4.8 0 0 natural 0 Inf 346004.5 1 0.40315
10 680001 7e+05 690000.5 4.8 0 0 natural 0 Inf 326004.5 1 0.4158
10 700001 720000 710000.5 4.8 0 0 natural 0 Inf 306004.5 1 0.37235
10 720001 740000 730000.5 4.4 1 48 natural 0 4.4 286004.5 0.997599879994 0.39735
10 740001 760000 750000.5 12 0 11 natural 0 Inf 266004.5 0.999449972498625 0.3954
10 760001 780000 770000.5 6 0 89 natural 0 Inf 246004.5 0.995349767488374 0.39635
10 780001 8e+05 790000.5 10 3 43 natural 0 3.33333333333333 226004.5 0.997849892494625 0.4255
10 800001 820000 810000.5 5 0 37 natural 0 Inf 206004.5 0.998024901245062 0.38975
10 820001 840000 830000.5 4 0 41 natural 0 Inf 186004.5 0.997949897494875 0.39715
10 840001 860000 850000.5 17 3 6 natural 0 5.66666666666667 166004.5 0.99969998499925 0.41665
10 860001 880000 870000.5 3.2 0 1 natural 0 Inf 146004.5 0.999949997499875 0.3882
10 880001 9e+05 890000.5 6.4 0 0 natural 0 Inf 126004.5 1 0.4035
10 900001 920000 910000.5 6.4 0 0 natural 0 Inf 106004.5 1 0.3957
10 920001 940000 930000.5 6.4 0 0 natural 0 Inf 86004.5 1 0.37605
10 940001 960000 950000.5 6.4 0 0 natural 0 Inf 66004.5 1 0.3924
10 960001 980000 970000.5 23.2 9 62 natural 0 2.57777777777778 46004.5 0.99689984499225 0.42105
10 980001 1e+06 990000.5 2 2 227 natural 0 1 26004.5 0.988624431221561 0.38255
10 1000001 1020000 1010000.5 0 0 191 natural 0 NA 6004.5 0.990399519975999 0.29105
11 1 20000 10000.5 4 1 183 natural 0 4 10000.5 0.989699484974249 0.40945
11 20001 40000 30000.5 8 5 40 natural 0 1.6 30000.5 0.997999899995 0.3993
11 40001 60000 50000.5 8 1 43 natural 0 8 50000.5 0.997774888744437 0.418
11 60001 80000 70000.5 10.625 2 31 natural 0 5.3125 70000.5 0.998449922496125 0.41995
11 80001 1e+05 90000.5 5.25 0 0 natural 0 Inf 90000.5 1 0.3976
11 100001 120000 110000.5 5.25 0 0 natural 0 Inf 110000.5 1 0.4047
11 120001 140000 130000.5 5.25 0 0 natural 0 Inf 130000.5 0.999949997499875 0.39355
11 140001 160000 150000.5 8.125 0 2 natural 0 Inf 150000.5 0.99989999499975 0.4132
11 160001 180000 170000.5 3 0 0 natural 0 Inf 170000.5 1 0.3829
11 180001 2e+05 190000.5 6.75 0 1 natural 0 Inf 190000.5 0.999949997499875 0.3893
11 200001 220000 210000.5 10.5 0 0 natural 0 Inf 210000.5 1 0.40345
11 220001 240000 230000.5 8.25 2 17 natural 0 4.125 230000.5 0.999149957497875 0.4023
11 240001 260000 250000.5 4 0 206 natural 0 Inf 250000.5 0.989599479973999 0.40375
11 260001 280000 270000.5 5 4 83 natural 0 1.25 270000.5 0.995849792489624 0.407
11 280001 3e+05 290000.5 3 1 46 natural 0 3 290000.5 0.99769988499425 0.3814
11 300001 320000 310000.5 10 0 42 natural 0 Inf 310000.5 0.99789989499475 0.39025
11 320001 340000 330000.5 3.75 1 26 natural 0 3.75 305710.5 0.99869993499675 0.4113
11 340001 360000 350000.5 7.5 1 0 natural 0 7.5 285710.5 1 0.40795
11 360001 380000 370000.5 9.75 2 39 natural 0 4.875 265710.5 0.998049902495125 0.4192
11 380001 4e+05 390000.5 2 0 35 natural 0 Inf 245710.5 0.998249912495625 0.3861
11 400001 420000 410000.5 2 0 40 natural 0 Inf 225710.5 0.997874893744687 0.38265
11 420001 440000 430000.5 4 0 19 natural 0 Inf 205710.5 0.999049952497625 0.37735
11 440001 460000 450000.5 10.5 0 15 natural 0 Inf 185710.5 0.999249962498125 0.39745
11 460001 480000 470000.5 3 0 0 natural 0 Inf 165710.5 1 0.4044
11 480001 5e+05 490000.5 14.5 0 1 natural 0 Inf 145710.5 0.999949997499875 0.4188
11 500001 520000 510000.5 26 8 22 natural 0 3.25 125710.5 0.99889994499725 0.48035
11 520001 540000 530000.5 0 0 36 natural 0 NA 105710.5 0.998124906245312 0.38045
11 540001 560000 550000.5 11 1 27 natural 0 11 85710.5 0.998649932496625 0.4141
11 560001 580000 570000.5 5 1 75 natural 0 5 65710.5 0.996249812490624 0.39665
11 580001 6e+05 590000.5 6 4 78 natural 0 1.5 45710.5 0.99609980499025 0.4115
11 600001 620000 610000.5 7 0 54 natural 0 Inf 25710.5 0.99729986499325 0.3769
11 620001 640000 630000.5 0 0 20 natural 0 NA 5710.5 0.998799939997 0.302
12 1 20000 10000.5 3 0 9 natural 0 Inf 10000.5 0.999524976248812 0.44315
12 20001 40000 30000.5 0 0 0 natural 0 NA 30000.5 1 0.3973
12 40001 60000 50000.5 3.5714 0 1 natural 0 Inf 50000.5 0.99989999499975 0.418
12 60001 80000 70000.5 7.1429 0 0 natural 0 Inf 70000.5 1 0.4192
12 80001 1e+05 90000.5 7.1429 0 0 natural 0 Inf 90000.5 1 0.3909
12 100001 120000 110000.5 7.1429 0 0 natural 0 Inf 110000.5 1 0.3751
12 120001 140000 130000.5 7.1429 0 0 natural 0 Inf 130000.5 1 0.38485
12 140001 160000 150000.5 7.1429 0 0 natural 0 Inf 150000.5 1 0.449
12 160001 180000 170000.5 7.1429 0 0 natural 0 Inf 170000.5 1 0.37935
12 180001 2e+05 190000.5 6.8214 0 1 natural 0 Inf 190000.5 0.999949997499875 0.40005
12 200001 220000 210000.5 6.5 0 0 natural 0 Inf 210000.5 1 0.39525
12 220001 240000 230000.5 3.25 0 2 natural 0 Inf 215541.5 0.99989999499975 0.4052
12 240001 260000 250000.5 12 2 19 natural 0 6 195541.5 0.999049952497625 0.42505
12 260001 280000 270000.5 9.5 3 1 natural 0 3.16666666666667 175541.5 0.999949997499875 0.39695
12 280001 3e+05 290000.5 1 0 0 natural 0 Inf 155541.5 1 0.3879
12 300001 320000 310000.5 10.25 0 3 natural 0 Inf 135541.5 0.999849992499625 0.43365
12 320001 340000 330000.5 13.5 0 0 natural 0 Inf 115541.5 1 0.4071
12 340001 360000 350000.5 11.25 0 1 natural 0 Inf 95541.5 0.999949997499875 0.40575
12 360001 380000 370000.5 7 0 0 natural 0 Inf 75541.5 1 0.37325
12 380001 4e+05 390000.5 5.5 1 224 natural 0 5.5 55541.5 0.988649432471624 0.42085
12 400001 420000 410000.5 1 0 341 natural 0 Inf 35541.5 0.98292414620731 0.39
12 420001 440000 430000.5 2 0 379 natural 0 Inf 15541.5 0.98042402120106 0.40005
12 440001 460000 450000.5 0 0 168 natural 0 NA 0 0.991599579978999 0.10705
13 1 20000 10000.5 0 1 48 natural 0 0 10000.5 0.995599779988999 0.39025
13 20001 40000 30000.5 21 0 34 natural 1 Inf 30000.5 0.99829991499575 0.41975
13 40001 60000 50000.5 11 0 4 natural 1 Inf 50000.5 0.9997999899995 0.38695
13 60001 80000 70000.5 12 0 15 natural 1 Inf 70000.5 0.999224961248062 0.4377
13 80001 1e+05 90000.5 6 1 0 natural 1 6 90000.5 1 0.3827
13 100001 120000 110000.5 6 0 0 natural 1 Inf 110000.5 1 0.4121
13 120001 140000 130000.5 6 0 0 natural 0 Inf 130000.5 1 0.40375
13 140001 160000 150000.5 3 2 1 natural 0 1.5 150000.5 0.999949997499875 0.3909
13 160001 180000 170000.5 7 11 67 natural 0 0.636363636363636 170000.5 0.996649832491625 0.4336
13 180001 2e+05 190000.5 1 0 93 natural 0 Inf 190000.5 0.995349767488374 0.37865
13 200001 220000 210000.5 5 3 62 natural 0 1.66666666666667 210000.5 0.99689984499225 0.4128
13 220001 240000 230000.5 2 1 39 natural 0 2 230000.5 0.998049902495125 0.41615
13 240001 260000 250000.5 2 0 0 natural 0 Inf 250000.5 1 0.37635
13 260001 280000 270000.5 10 1 35 natural 0 10 270000.5 0.998249912495625 0.40095
13 280001 3e+05 290000.5 4.75 0 1 natural 0 Inf 290000.5 0.999949997499875 0.3826
13 300001 320000 310000.5 7.5 0 0 natural 0 Inf 310000.5 1 0.3977
13 320001 340000 330000.5 10.5 0 1 natural 0 Inf 330000.5 0.999949997499875 0.40215
13 340001 360000 350000.5 9.5 0 0 natural 0 Inf 350000.5 1 0.4169
13 360001 380000 370000.5 8.75 1 42 natural 0 8.75 370000.5 0.99789989499475 0.4104
13 380001 4e+05 390000.5 6 2 66 natural 0 3 390000.5 0.99669983499175 0.3891
13 400001 420000 410000.5 1 0 157 natural 0 Inf 410000.5 0.992149607480374 0.39215
13 420001 440000 430000.5 3 0 266 natural 0 Inf 430000.5 0.986599329966498 0.3989
13 440001 460000 450000.5 6 5 290 natural 0 1.2 450000.5 0.985424271213561 0.401
13 460001 480000 470000.5 4 0 329 natural 0 Inf 437340.5 0.983549177458873 0.40115
13 480001 5e+05 490000.5 6 1 280 natural 0 6 417340.5 0.985649282464123 0.39675
13 500001 520000 510000.5 1 0 284 natural 0 Inf 397340.5 0.985799289964498 0.386
13 520001 540000 530000.5 4 0 183 natural 0 Inf 377340.5 0.990849542477124 0.38855
13 540001 560000 550000.5 3 0 26 natural 0 Inf 357340.5 0.998674933746687 0.37975
13 560001 580000 570000.5 3 1 12 natural 0 3 337340.5 0.9993999699985 0.39965
13 580001 6e+05 590000.5 2 1 52 natural 0 2 317340.5 0.997324866243312 0.39845
13 600001 620000 610000.5 11 2 62 natural 0 5.5 297340.5 0.99689984499225 0.4014
13 620001 640000 630000.5 6 0 43 natural 0 Inf 277340.5 0.9977998899945 0.39085
13 640001 660000 650000.5 9 5 38 natural 0 1.8 257340.5 0.99809990499525 0.411
13 660001 680000 670000.5 7 2 38 natural 0 3.5 237340.5 0.99809990499525 0.4074
13 680001 7e+05 690000.5 2 0 40 natural 0 Inf 217340.5 0.997999899995 0.3873
13 700001 720000 710000.5 3 1 20 natural 0 3 197340.5 0.9989999499975 0.3852
13 720001 740000 730000.5 12 2 44 natural 0 6 177340.5 0.9977998899945 0.40895
13 740001 760000 750000.5 10 3 38 natural 0 3.33333333333333 157340.5 0.998049902495125 0.40775
13 760001 780000 770000.5 10 1 28 natural 0 10 137340.5 0.9985999299965 0.40115
13 780001 8e+05 790000.5 3 0 63 natural 0 Inf 117340.5 0.996849842492125 0.39565
13 800001 820000 810000.5 6 0 56 natural 0 Inf 97340.5 0.997199859993 0.40985
13 820001 840000 830000.5 9 1 31 natural 0 9 77340.5 0.998449922496125 0.38285
13 840001 860000 850000.5 19 5 72 natural 0 3.8 57340.5 0.996399819991 0.4284
13 860001 880000 870000.5 1 0 31 natural 0 Inf 37340.5 0.998449922496125 0.3936
13 880001 9e+05 890000.5 10 3 47 natural 0 3.33333333333333 17340.5 0.997624881244062 0.40905
13 900001 920000 910000.5 1 0 22 natural 0 Inf 0 0.997599879994 0.1509
14 1 20000 10000.5 5 0 206 natural 1 Inf 10000.5 0.989624481224061 0.37645
14 20001 40000 30000.5 12 0 37 natural 1 Inf 30000.5 0.998149907495375 0.41895
14 40001 60000 50000.5 9 4 45 natural 1 2.25 50000.5 0.997749887494375 0.41375
14 60001 80000 70000.5 2 0 59 natural 1 Inf 70000.5 0.9969998499925 0.39315
14 80001 1e+05 90000.5 7 1 45 natural 1 7 90000.5 0.99599979999 0.39875
14 100001 120000 110000.5 7 2 28 natural 1 3.5 110000.5 0.9985999299965 0.434
14 120001 140000 130000.5 10 0 13 natural 1 Inf 130000.5 0.999349967498375 0.407
14 140001 160000 150000.5 3 1 71 natural 1 3 150000.5 0.996449822491125 0.37105
14 160001 180000 170000.5 2 2 52 natural 1 1 170000.5 0.9973998699935 0.38885
14 180001 2e+05 190000.5 26 5 56 natural 1 5.2 190000.5 0.997199859993 0.4543
14 200001 220000 210000.5 3 1 26 natural 1 3 210000.5 0.998649932496625 0.382
14 220001 240000 230000.5 0 1 46 natural 1 0 230000.5 0.99769988499425 0.39505
14 240001 260000 250000.5 3 1 56 natural 1 3 250000.5 0.997199859993 0.39425
14 260001 280000 270000.5 3 1 56 natural 1 3 270000.5 0.997199859993 0.40125
14 280001 3e+05 290000.5 15 3 47 natural 1 5 290000.5 0.997649882494125 0.398
14 300001 320000 310000.5 5 2 55 natural 1 2.5 310000.5 0.997249862493125 0.4059
14 320001 340000 330000.5 5 2 44 natural 1 2.5 330000.5 0.997774888744437 0.39785
14 340001 360000 350000.5 10 4 49 natural 1 2.5 350000.5 0.997549877493875 0.40575
14 360001 380000 370000.5 4.3 0 16 natural 1 Inf 370000.5 0.999174958747937 0.3938
14 380001 4e+05 390000.5 6.6 0 0 natural 1 Inf 360655.5 1 0.39155
14 400001 420000 410000.5 6.6 0 0 natural 1 Inf 340655.5 1 0.38935
14 420001 440000 430000.5 6.6 0 0 natural 1 Inf 320655.5 1 0.41155
14 440001 460000 450000.5 6.6 0 0 natural 1 Inf 300655.5 0.9997999899995 0.3976
14 460001 480000 470000.5 6.8 0 1 natural 1 Inf 280655.5 0.999949997499875 0.4018
14 480001 5e+05 490000.5 7 0 0 natural 1 Inf 260655.5 1 0.41415
14 500001 520000 510000.5 7 0 0 natural 1 Inf 240655.5 1 0.40855
14 520001 540000 530000.5 8.5 4 17 natural 1 2.125 220655.5 0.999149957497875 0.4104
14 540001 560000 550000.5 5.1667 0 23 natural 1 Inf 200655.5 0.998824941247062 0.3928
14 560001 580000 570000.5 6.3333 1 0 natural 1 6.3333 180655.5 1 0.39465
14 580001 6e+05 590000.5 6.3333 0 0 natural 1 Inf 160655.5 1 0.3792
14 600001 620000 610000.5 7.1667 0 1 natural 0 Inf 140655.5 0.999949997499875 0.38435
14 620001 640000 630000.5 8 1 0 natural 0 8 120655.5 1 0.4303
14 640001 660000 650000.5 10 0 2 natural 0 Inf 100655.5 0.99989999499975 0.44385
14 660001 680000 670000.5 8 0 0 natural 0 Inf 80655.5 1 0.4149
14 680001 7e+05 690000.5 8 0 0 natural 0 Inf 60655.5 1 0.43845
14 700001 720000 710000.5 8 1 222 natural 0 8 40655.5 0.988799439971999 0.40065
14 720001 740000 730000.5 6 2 164 natural 0 3 20655.5 0.991799589979499 0.38405
14 740001 760000 750000.5 0 32 81 natural 0 0 655.5 0.994024701235062 0.20995
15 1 20000 10000.5 5.5 1 20 natural 0 5.5 10000.5 0.997024851242562 0.37875
15 20001 40000 30000.5 11 2 0 natural 0 5.5 30000.5 1 0.3956
15 40001 60000 50000.5 11 0 0 natural 0 Inf 50000.5 1 0.398
15 60001 80000 70000.5 11 0 0 natural 0 Inf 70000.5 1 0.3987
15 80001 1e+05 90000.5 8.9167 0 1 natural 0 Inf 90000.5 0.999949997499875 0.39175
15 100001 120000 110000.5 6.8333 0 0 natural 0 Inf 110000.5 1 0.3885
15 120001 140000 130000.5 6.8333 0 0 natural 0 Inf 130000.5 1 0.41225
15 140001 160000 150000.5 6.8333 1 0 natural 0 6.8333 150000.5 1 0.3949
15 160001 180000 170000.5 6.8333 0 0 natural 0 Inf 170000.5 1 0.41655
15 180001 2e+05 190000.5 6.8333 0 0 natural 0 Inf 190000.5 1 0.424
15 200001 220000 210000.5 15.6667 1 32 natural 0 15.6667 210000.5 0.998399919996 0.41465
15 220001 240000 230000.5 6.5 0 0 natural 0 Inf 230000.5 1 0.3969
15 240001 260000 250000.5 10.25 4 57 natural 0 2.5625 250000.5 0.997149857492875 0.4106
15 260001 280000 270000.5 3 5 56 natural 0 0.6 270000.5 0.997199859993 0.40075
15 280001 3e+05 290000.5 1 0 58 natural 0 Inf 290000.5 0.99709985499275 0.40445
15 300001 320000 310000.5 1 0 72 natural 0 Inf 310000.5 0.996349817490875 0.3944
15 320001 340000 330000.5 3 0 56 natural 0 Inf 330000.5 0.997149857492875 0.38535
15 340001 360000 350000.5 9 2 76 natural 0 4.5 350000.5 0.9961998099905 0.40115
15 360001 380000 370000.5 2 1 24 natural 1 2 370000.5 0.998799939997 0.39725
15 380001 4e+05 390000.5 19 5 68 natural 1 3.8 373748.5 0.996524826241312 0.46905
15 400001 420000 410000.5 13 2 75 natural 1 6.5 353748.5 0.996249812490624 0.41105
15 420001 440000 430000.5 5 2 30 natural 1 2.5 333748.5 0.99789989499475 0.41795
15 440001 460000 450000.5 4 0 48 natural 0 Inf 313748.5 0.997549877493875 0.3814
15 460001 480000 470000.5 4 1 51 natural 0 4 293748.5 0.997449872493625 0.3911
15 480001 5e+05 490000.5 0 0 35 natural 0 NA 273748.5 0.998249912495625 0.39535
15 500001 520000 510000.5 3 1 16 natural 0 3 253748.5 0.999199959998 0.3889
15 520001 540000 530000.5 8 2 69 natural 0 4 233748.5 0.996399819991 0.40915
15 540001 560000 550000.5 5 3 51 natural 0 1.66666666666667 213748.5 0.997449872493625 0.4082
15 560001 580000 570000.5 6.1667 3 48 natural 0 2.05556666666667 193748.5 0.997599879994 0.409
15 580001 6e+05 590000.5 6.3333 1 0 natural 0 6.3333 173748.5 1 0.3885
15 600001 620000 610000.5 6.3333 0 0 natural 0 Inf 153748.5 1 0.38535
15 620001 640000 630000.5 5.6667 0 1 natural 0 Inf 133748.5 0.999949997499875 0.41225
15 640001 660000 650000.5 5 0 0 natural 0 Inf 113748.5 0.998799939997 0.3958
15 660001 680000 670000.5 12.5 0 57 natural 0 Inf 93748.5 0.997149857492875 0.39975
15 680001 7e+05 690000.5 14 1 53 natural 0 14 73748.5 0.997349867493375 0.42505
15 700001 720000 710000.5 12 2 21 natural 0 6 53748.5 0.998949947497375 0.41505
15 720001 740000 730000.5 0 0 1 natural 0 NA 33748.5 0.999824991249562 0.4052
15 740001 760000 750000.5 0 0 0 natural 0 NA 13748.5 0.997749887494375 0.3707
15 760001 780000 770000.5 0 0 0 natural 0 NA 0 0.999774988749437 0.06965
16 1 20000 10000.5 1 1 81 natural 0 1 10000.5 0.992024601230062 0.39105
16 20001 40000 30000.5 45 0 67 natural 0 Inf 30000.5 0.991999599979999 0.39105
16 40001 60000 50000.5 10 0 40 natural 0 Inf 50000.5 0.997674883744187 0.388
16 60001 80000 70000.5 2 0 75 natural 0 Inf 70000.5 0.996249812490624 0.38395
16 80001 1e+05 90000.5 17 5 55 natural 0 3.4 90000.5 0.997199859993 0.43365
16 100001 120000 110000.5 4 0 67 natural 0 Inf 110000.5 0.996574828741437 0.41095
16 120001 140000 130000.5 8 5 55 natural 0 1.6 130000.5 0.997199859993 0.42585
16 140001 160000 150000.5 10 5 56 natural 0 2 150000.5 0.997199859993 0.413
16 160001 180000 170000.5 7 2 59 natural 0 3.5 170000.5 0.997049852492625 0.39725
16 180001 2e+05 190000.5 1 0 42 natural 0 Inf 190000.5 0.99789989499475 0.3876
16 200001 220000 210000.5 3 0 42 natural 0 Inf 210000.5 0.99789989499475 0.38775
16 220001 240000 230000.5 6 1 49 natural 0 6 230000.5 0.997549877493875 0.4189
16 240001 260000 250000.5 9 0 22 natural 0 Inf 250000.5 0.99889994499725 0.3789
16 260001 280000 270000.5 5 0 26 natural 0 Inf 270000.5 0.99869993499675 0.40065
16 280001 3e+05 290000.5 2 1 44 natural 0 2 290000.5 0.997774888744437 0.37575
16 300001 320000 310000.5 6 1 67 natural 0 6 310000.5 0.996649832491625 0.41695
16 320001 340000 330000.5 3 0 56 natural 0 Inf 330000.5 0.997199859993 0.3752
16 340001 360000 350000.5 6.25 2 12 natural 0 3.125 350000.5 0.9993999699985 0.39535
16 360001 380000 370000.5 4.5 0 0 natural 0 Inf 370000.5 1 0.41005
16 380001 4e+05 390000.5 14.25 2 19 natural 0 7.125 390000.5 0.9989999499975 0.4125
16 400001 420000 410000.5 0 0 25 natural 0 NA 410000.5 0.998749937496875 0.3845
16 420001 440000 430000.5 1 2 74 natural 0 0.5 430000.5 0.9961998099905 0.3831
16 440001 460000 450000.5 20 1 15 natural 0 20 450000.5 0.999199959998 0.41365
16 460001 480000 470000.5 5 0 57 natural 0 Inf 448463.5 0.997149857492875 0.3965
16 480001 5e+05 490000.5 7 0 33 natural 0 Inf 428463.5 0.998349917495875 0.40065
16 500001 520000 510000.5 6 1 37 natural 0 6 408463.5 0.998149907495375 0.39935
16 520001 540000 530000.5 7 1 46 natural 0 7 388463.5 0.997649882494125 0.41275
16 540001 560000 550000.5 0 1 54 natural 0 0 368463.5 0.99729986499325 0.38175
16 560001 580000 570000.5 1 1 34 natural 0 1 348463.5 0.99829991499575 0.38305
16 580001 6e+05 590000.5 3 0 40 natural 0 Inf 328463.5 0.997999899995 0.3923
16 600001 620000 610000.5 7 2 17 natural 0 3.5 308463.5 0.999149957497875 0.3901
16 620001 640000 630000.5 7 1 50 natural 0 7 288463.5 0.99749987499375 0.38555
16 640001 660000 650000.5 7 1 48 natural 0 7 268463.5 0.997599879994 0.43515
16 660001 680000 670000.5 5 0 1 natural 0 Inf 248463.5 0.999949997499875 0.37895
16 680001 7e+05 690000.5 22 0 1 natural 0 Inf 228463.5 0.999949997499875 0.3935
16 700001 720000 710000.5 1 0 16 natural 0 Inf 208463.5 0.999199959998 0.41885
16 720001 740000 730000.5 5 5 44 natural 0 1 188463.5 0.9977998899945 0.3863
16 740001 760000 750000.5 7 0 53 natural 0 Inf 168463.5 0.997349867493375 0.37805
16 760001 780000 770000.5 7 2 67 natural 0 3.5 148463.5 0.996649832491625 0.38925
16 780001 8e+05 790000.5 9 0 59 natural 0 Inf 128463.5 0.997024851242562 0.39625
16 800001 820000 810000.5 0 2 44 natural 0 0 108463.5 0.9977998899945 0.3929
16 820001 840000 830000.5 7 5 104 natural 0 1.4 88463.5 0.994774738736937 0.42215
16 840001 860000 850000.5 17 0 1 natural 0 Inf 68463.5 0.999949997499875 0.3938
16 860001 880000 870000.5 0 0 1 natural 0 NA 48463.5 0.999949997499875 0.40295
16 880001 9e+05 890000.5 0 0 0 natural 0 NA 28463.5 1 0.42515
16 900001 920000 910000.5 0 0 0 natural 0 NA 8463.5 0.99849992499625 0.3629
1 1 20000 10000.5 3 4 71 fermentation 0 0.75 10000.5 1 0.4293
1 20001 40000 30000.5 11.25 2 18 fermentation 0 5.625 30000.5 1 0.4647
1 40001 60000 50000.5 16.5 1 0 fermentation 0 16.5 50000.5 1 0.4379
1 60001 80000 70000.5 8.25 0 6 fermentation 0 Inf 70000.5 1 0.4074
1 80001 1e+05 90000.5 3 1 56 fermentation 0 3 90000.5 1 0.4584
1 100001 120000 110000.5 7 7 68 fermentation 0 1 79980.5 1 0.434
1 120001 140000 130000.5 0 0 2 fermentation 0 NA 59980.5 1 0.38075
1 140001 160000 150000.5 23 1 37 fermentation 0 23 39980.5 1 0.4147
1 160001 180000 170000.5 20 3 88 fermentation 0 6.66666666666667 19980.5 1 0.4155
1 180001 2e+05 190000.5 0 0 27 fermentation 0 NA 0 1 0.17375
2 1 20000 10000.5 1 0 1 fermentation 0 Inf 10000.5 1 0.4102
2 20001 40000 30000.5 3 2 68 fermentation 0 1.5 30000.5 1 0.40495
2 40001 60000 50000.5 9.5 3 23 fermentation 0 3.16666666666667 50000.5 1 0.3877
2 60001 80000 70000.5 7 1 0 fermentation 0 7 70000.5 1 0.3916
2 80001 1e+05 90000.5 4.5 2 32 fermentation 0 2.25 90000.5 1 0.4054
2 100001 120000 110000.5 2 1 23 fermentation 0 2 110000.5 1 0.3969
2 120001 140000 130000.5 3 3 60 fermentation 0 1 130000.5 1 0.4155
2 140001 160000 150000.5 4 2 55 fermentation 0 2 150000.5 1 0.3933
2 160001 180000 170000.5 7 3 92 fermentation 0 2.33333333333333 170000.5 1 0.40535
2 180001 2e+05 190000.5 8 1 16 fermentation 0 8 190000.5 1 0.4654
2 200001 220000 210000.5 2 0 0 fermentation 0 Inf 210000.5 1 0.3908
2 220001 240000 230000.5 2 0 1 fermentation 0 Inf 230000.5 1 0.37515
2 240001 260000 250000.5 1 0 15 fermentation 0 Inf 250000.5 1 0.4167
2 260001 280000 270000.5 7 0 3 fermentation 0 Inf 270000.5 1 0.3807
2 280001 3e+05 290000.5 5 0 37 fermentation 0 Inf 290000.5 1 0.3982
2 300001 320000 310000.5 5.5 0 43 fermentation 0 Inf 310000.5 1 0.38445
2 320001 340000 330000.5 5 1 0 fermentation 0 5 330000.5 1 0.38605
2 340001 360000 350000.5 5 0 0 fermentation 0 Inf 350000.5 1 0.3896
2 360001 380000 370000.5 5.5 0 3 fermentation 0 Inf 370000.5 1 0.39125
2 380001 4e+05 390000.5 3 1 22 fermentation 0 3 390000.5 1 0.3933
2 400001 420000 410000.5 5 1 44 fermentation 0 5 410000.5 1 0.385
2 420001 440000 430000.5 5 1 100 fermentation 0 5 430000.5 1 0.3883
2 440001 460000 450000.5 3 2 41 fermentation 0 1.5 450000.5 1 0.3838
2 460001 480000 470000.5 0 0 40 fermentation 0 NA 470000.5 1 0.38145
2 480001 5e+05 490000.5 4.5 0 24 fermentation 0 Inf 490000.5 1 0.39
2 500001 520000 510000.5 5 0 0 fermentation 0 Inf 510000.5 1 0.39245
2 520001 540000 530000.5 2.5 0 3 fermentation 0 Inf 530000.5 1 0.37315
2 540001 560000 550000.5 8 0 1 fermentation 0 Inf 550000.5 1 0.39
2 560001 580000 570000.5 7 2 28 fermentation 0 3.5 570000.5 1 0.39075
2 580001 6e+05 590000.5 3 6 63 fermentation 0 0.5 590000.5 1 0.387
2 600001 620000 610000.5 0 1 48 fermentation 0 0 610000.5 1 0.38825
2 620001 640000 630000.5 5 1 54 fermentation 0 5 630000.5 1 0.4162
2 640001 660000 650000.5 4.5 0 34 fermentation 0 Inf 639934.5 1 0.3989
2 660001 680000 670000.5 3 0 0 fermentation 0 Inf 619934.5 1 0.37845
2 680001 7e+05 690000.5 2.5 1 67 fermentation 0 2.5 599934.5 1 0.37885
2 700001 720000 710000.5 6 6 215 fermentation 0 1 579934.5 1 0.4138
2 720001 740000 730000.5 2.375 3 89 fermentation 0 0.791666666666667 559934.5 1 0.4031
2 740001 760000 750000.5 4.75 0 0 fermentation 0 Inf 539934.5 1 0.38205
2 760001 780000 770000.5 4.75 0 0 fermentation 0 Inf 519934.5 1 0.3969
2 780001 8e+05 790000.5 4.75 0 0 fermentation 0 Inf 499934.5 1 0.3785
2 800001 820000 810000.5 6.375 0 1 fermentation 0 Inf 479934.5 1 0.3882
2 820001 840000 830000.5 3 0 2 fermentation 0 Inf 459934.5 1 0.39185
2 840001 860000 850000.5 8 0 91 fermentation 0 Inf 439934.5 1 0.39205
2 860001 880000 870000.5 1 2 168 fermentation 0 0.5 419934.5 1 0.37915
2 880001 9e+05 890000.5 2 0 1 fermentation 0 Inf 399934.5 1 0.40325
2 900001 920000 910000.5 4 0 0 fermentation 0 Inf 379934.5 1 0.37645
2 920001 940000 930000.5 4 0 0 fermentation 0 Inf 359934.5 1 0.39425
2 940001 960000 950000.5 3 0 2 fermentation 0 Inf 339934.5 1 0.38835
2 960001 980000 970000.5 0 0 47 fermentation 0 NA 319934.5 1 0.38125
2 980001 1e+06 990000.5 7 2 73 fermentation 0 3.5 299934.5 1 0.4092
2 1000001 1020000 1010000.5 8 3 62 fermentation 0 2.66666666666667 279934.5 1 0.41305
2 1020001 1040000 1030000.5 7 2 31 fermentation 0 3.5 259934.5 1 0.4078
2 1040001 1060000 1050000.5 4.25 0 10 fermentation 0 Inf 239934.5 1 0.40175
2 1060001 1080000 1070000.5 2.5 0 0 fermentation 0 Inf 219934.5 1 0.4025
2 1080001 1100000 1090000.5 9.25 0 7 fermentation 0 Inf 199934.5 1 0.41105
2 1100001 1120000 1110000.5 0 3 32 fermentation 0 0 179934.5 1 0.39
2 1120001 1140000 1130000.5 3.4 0 1 fermentation 0 Inf 159934.5 1 0.39075
2 1140001 1160000 1150000.5 6.8 0 0 fermentation 0 Inf 139934.5 1 0.39735
2 1160001 1180000 1170000.5 6.8 0 0 fermentation 0 Inf 119934.5 1 0.43195
2 1180001 1200000 1190000.5 6.8 0 0 fermentation 0 Inf 99934.5 1 0.42665
2 1200001 1220000 1210000.5 6.8 0 0 fermentation 0 Inf 79934.5 1 0.3716
2 1220001 1240000 1230000.5 4.65 0 1 fermentation 0 Inf 59934.5 1 0.4108
2 1240001 1260000 1250000.5 2.5 0 0 fermentation 0 Inf 39934.5 1 0.3837
2 1260001 1280000 1270000.5 43.25 0 44 fermentation 0 Inf 19934.5 1 0.3986
2 1280001 1300000 1290000.5 0 0 38 fermentation 0 NA 0 1 0.20025
3 1 20000 10000.5 0 0 0 fermentation 0 NA 10000.5 1 0.42855
3 20001 40000 30000.5 0 0 4 fermentation 0 NA 30000.5 1 0.3702
3 40001 60000 50000.5 3 1 47 fermentation 0 3 50000.5 1 0.38095
3 60001 80000 70000.5 5 2 96 fermentation 0 2.5 70000.5 1 0.3847
3 80001 1e+05 90000.5 1 0 25 fermentation 0 Inf 90000.5 1 0.37105
3 100001 120000 110000.5 4 1 41 fermentation 0 4 110000.5 1 0.3792
3 120001 140000 130000.5 19 2 16 fermentation 0 9.5 130000.5 1 0.49515
3 140001 160000 150000.5 18 0 1 fermentation 0 Inf 145074.5 1 0.4204
3 160001 180000 170000.5 9 1 2 fermentation 0 9 125074.5 1 0.4475
3 180001 2e+05 190000.5 5 1 55 fermentation 0 5 105074.5 1 0.40845
3 200001 220000 210000.5 6 4 35 fermentation 0 1.5 85074.5 1 0.375
3 220001 240000 230000.5 37 2 41 fermentation 0 18.5 65074.5 1 0.38125
3 240001 260000 250000.5 7 1 62 fermentation 0 7 45074.5 1 0.4013
3 260001 280000 270000.5 24 6 13 fermentation 0 4 25074.5 1 0.4663
3 280001 3e+05 290000.5 0 0 4 fermentation 0 NA 5074.5 1 0.3322
4 1 20000 10000.5 2 3 33 fermentation 0 0.666666666666667 10000.5 1 0.3818
4 20001 40000 30000.5 11 0 3 fermentation 0 Inf 30000.5 1 0.40425
4 40001 60000 50000.5 8 2 44 fermentation 0 4 50000.5 1 0.4174
4 60001 80000 70000.5 6 1 48 fermentation 0 6 70000.5 1 0.3937
4 80001 1e+05 90000.5 1 4 32 fermentation 0 0.25 90000.5 1 0.4165
4 100001 120000 110000.5 5 0 25 fermentation 0 Inf 110000.5 1 0.39355
4 120001 140000 130000.5 7 1 46 fermentation 0 7 130000.5 1 0.428
4 140001 160000 150000.5 6 2 69 fermentation 0 3 150000.5 1 0.40355
4 160001 180000 170000.5 1 0 57 fermentation 0 Inf 170000.5 1 0.39195
4 180001 2e+05 190000.5 2 0 31 fermentation 0 Inf 190000.5 1 0.40495
4 200001 220000 210000.5 7 3 30 fermentation 0 2.33333333333333 210000.5 1 0.4034
4 220001 240000 230000.5 1 0 13 fermentation 0 Inf 230000.5 1 0.3989
4 240001 260000 250000.5 1.75 0 2 fermentation 0 Inf 250000.5 1 0.38415
4 260001 280000 270000.5 3.5 0 0 fermentation 0 Inf 270000.5 1 0.40315
4 280001 3e+05 290000.5 6.75 3 32 fermentation 0 2.25 290000.5 1 0.40335
4 300001 320000 310000.5 5 0 35 fermentation 0 Inf 310000.5 1 0.37845
4 320001 340000 330000.5 0 0 43 fermentation 0 NA 330000.5 1 0.3877
4 340001 360000 350000.5 7 0 17 fermentation 0 Inf 350000.5 1 0.44405
4 360001 380000 370000.5 8 0 1 fermentation 0 Inf 370000.5 1 0.40245
4 380001 4e+05 390000.5 7 0 1 fermentation 0 Inf 390000.5 1 0.3936
4 400001 420000 410000.5 5.7857 0 2 fermentation 0 Inf 410000.5 1 0.4063
4 420001 440000 430000.5 3.5714 0 0 fermentation 0 Inf 430000.5 1 0.37085
4 440001 460000 450000.5 3.5714 0 0 fermentation 0 Inf 450000.5 1 0.38235
4 460001 480000 470000.5 3.5714 0 0 fermentation 0 Inf 470000.5 1 0.41835
4 480001 5e+05 490000.5 3.5714 0 0 fermentation 0 Inf 490000.5 1 0.37525
4 500001 520000 510000.5 3.5714 0 0 fermentation 0 Inf 473773.5 1 0.3948
4 520001 540000 530000.5 3.5714 0 0 fermentation 0 Inf 453773.5 1 0.3907
4 540001 560000 550000.5 3.7557 2 26 fermentation 0 1.87785 433773.5 1 0.40925
4 560001 580000 570000.5 6 0 7 fermentation 0 Inf 413773.5 1 0.38595
4 580001 6e+05 590000.5 3.75 0 12 fermentation 0 Inf 393773.5 1 0.40515
4 600001 620000 610000.5 5.5 0 0 fermentation 0 Inf 373773.5 1 0.3757
4 620001 640000 630000.5 5.5 0 0 fermentation 0 Inf 353773.5 1 0.42615
4 640001 660000 650000.5 5.5 0 0 fermentation 0 Inf 333773.5 1 0.41875
4 660001 680000 670000.5 4.75 0 1 fermentation 0 Inf 313773.5 1 0.3958
4 680001 7e+05 690000.5 2 0 0 fermentation 0 Inf 293773.5 1 0.3712
4 700001 720000 710000.5 2.75 0 1 fermentation 0 Inf 273773.5 1 0.3758
4 720001 740000 730000.5 3.5 0 0 fermentation 0 Inf 253773.5 1 0.38205
4 740001 760000 750000.5 7.75 0 5 fermentation 0 Inf 233773.5 1 0.39615
4 760001 780000 770000.5 3 1 38 fermentation 0 3 213773.5 1 0.385
4 780001 8e+05 790000.5 8 1 49 fermentation 0 8 193773.5 1 0.41515
4 800001 820000 810000.5 5 1 111 fermentation 0 5 173773.5 1 0.40495
4 820001 840000 830000.5 9 6 132 fermentation 0 1.5 153773.5 1 0.43635
4 840001 860000 850000.5 11 0 38 fermentation 0 Inf 133773.5 1 0.4394
4 860001 880000 870000.5 0 3 657 fermentation 1 0 113773.5 0.994549727486374 0.40375
4 880001 9e+05 890000.5 0 22 1139 fermentation 1 0 93773.5 0.943047152357618 0.3912
4 900001 920000 910000.5 3 16 1306 fermentation 1 0.1875 73773.5 0.934696734836742 0.4112
4 920001 940000 930000.5 0 15 1304 fermentation 1 0 53773.5 0.934746737336867 0.39305
4 940001 960000 950000.5 0 17 1128 fermentation 1 0 33773.5 0.943597179858993 0.39885
4 960001 980000 970000.5 0 9 812 fermentation 1 0 13773.5 0.959397969898495 0.3938
4 980001 1e+06 990000.5 0 3 66 fermentation 1 0 0 0.9965998299915 0.08055
5 1 20000 10000.5 9 0 64 fermentation 0 Inf 10000.5 0.996799839992 0.42255
5 20001 40000 30000.5 9 3 15 fermentation 0 3 30000.5 0.999249962498125 0.3883
5 40001 60000 50000.5 12 4 69 fermentation 0 3 50000.5 0.996549827491375 0.4491
5 60001 80000 70000.5 6 2 11 fermentation 0 3 70000.5 0.998574928746437 0.40185
5 80001 1e+05 90000.5 10 0 1 fermentation 0 Inf 90000.5 0.999949997499875 0.35945
5 100001 120000 110000.5 5 3 39 fermentation 0 1.66666666666667 110000.5 0.998049902495125 0.41525
5 120001 140000 130000.5 0 0 30 fermentation 0 NA 130000.5 0.99849992499625 0.37665
5 140001 160000 150000.5 2 1 115 fermentation 0 2 150000.5 0.994249712485624 0.3811
5 160001 180000 170000.5 3.6667 0 31 fermentation 0 Inf 170000.5 0.997974898744937 0.44505
5 180001 2e+05 190000.5 7.3333 1 0 fermentation 0 7.3333 190000.5 1 0.4112
5 200001 220000 210000.5 7.3333 0 0 fermentation 0 Inf 210000.5 1 0.39435
5 220001 240000 230000.5 9.6667 0 1 fermentation 0 Inf 230000.5 0.999949997499875 0.39825
5 240001 260000 250000.5 6.25 0 24 fermentation 0 Inf 250000.5 0.998799939997 0.40115
5 260001 280000 270000.5 4.5 0 0 fermentation 0 Inf 261349.5 1 0.39895
5 280001 3e+05 290000.5 2.25 0 2 fermentation 0 Inf 241349.5 0.99989999499975 0.38675
5 300001 320000 310000.5 15 1 16 fermentation 0 15 221349.5 0.999199959998 0.44305
5 320001 340000 330000.5 4 0 0 fermentation 0 Inf 201349.5 1 0.39935
5 340001 360000 350000.5 4 0 1 fermentation 0 Inf 181349.5 0.999949997499875 0.3836
5 360001 380000 370000.5 4 0 0 fermentation 0 Inf 161349.5 1 0.4041
5 380001 4e+05 390000.5 6 0 1 fermentation 0 Inf 141349.5 0.999949997499875 0.3808
5 400001 420000 410000.5 8 0 0 fermentation 0 Inf 121349.5 0.999649982499125 0.38515
5 420001 440000 430000.5 11 6 37 fermentation 0 1.83333333333333 101349.5 0.998124906245312 0.4276
5 440001 460000 450000.5 8 0 17 fermentation 0 Inf 81349.5 0.998799939997 0.42015
5 460001 480000 470000.5 4 0 23 fermentation 0 Inf 61349.5 0.99809990499525 0.414
5 480001 5e+05 490000.5 3 2 33 fermentation 0 1.5 41349.5 0.998349917495875 0.3983
5 500001 520000 510000.5 4 0 43 fermentation 0 Inf 21349.5 0.997849892494625 0.39705
5 520001 540000 530000.5 0 0 28 fermentation 0 NA 1349.5 0.9985999299965 0.2255
6 1 20000 10000.5 0 0 893 fermentation 1 NA 10000.5 0.954997749887494 0.4124
6 20001 40000 30000.5 2 18 905 fermentation 1 0.111111111111111 30000.5 0.954747737386869 0.41145
6 40001 60000 50000.5 1 1 1249 fermentation 1 1 50000.5 0.937546877343867 0.42215
6 60001 80000 70000.5 18 8 416 fermentation 1 2.25 70000.5 0.978973948697435 0.45165
6 80001 1e+05 90000.5 1 2 59 fermentation 0 0.5 90000.5 0.9969998499925 0.39705
6 100001 120000 110000.5 0 0 31 fermentation 0 NA 110000.5 0.998449922496125 0.36575
6 120001 140000 130000.5 3 3 61 fermentation 0 1 130000.5 0.996924846242312 0.40675
6 140001 160000 150000.5 13.75 2 46 fermentation 0 6.875 150000.5 0.997049852492625 0.41595
6 160001 180000 170000.5 9.5 0 0 fermentation 0 Inf 170000.5 1 0.4191
6 180001 2e+05 190000.5 10.75 1 16 fermentation 0 10.75 190000.5 0.999199959998 0.39425
6 200001 220000 210000.5 3 0 1 fermentation 0 Inf 210000.5 0.999949997499875 0.41325
6 220001 240000 230000.5 10 1 67 fermentation 0 10 230000.5 0.996649832491625 0.4233
6 240001 260000 250000.5 7 0 71 fermentation 0 Inf 250000.5 0.996449822491125 0.4157
6 260001 280000 270000.5 1 1 45 fermentation 0 1 253203.5 0.99769988499425 0.41425
6 280001 3e+05 290000.5 2 1 62 fermentation 0 2 233203.5 0.99689984499225 0.37525
6 300001 320000 310000.5 6 1 37 fermentation 0 6 213203.5 0.998149907495375 0.39605
6 320001 340000 330000.5 2 2 50 fermentation 0 1 193203.5 0.99749987499375 0.3807
6 340001 360000 350000.5 9 2 55 fermentation 0 4.5 173203.5 0.996524826241312 0.39035
6 360001 380000 370000.5 3 1 53 fermentation 0 3 153203.5 0.997349867493375 0.40745
6 380001 4e+05 390000.5 8.1667 1 39 fermentation 0 8.1667 133203.5 0.998049902495125 0.40735
6 400001 420000 410000.5 6.3333 0 0 fermentation 0 Inf 113203.5 1 0.4149
6 420001 440000 430000.5 6.3333 0 0 fermentation 0 Inf 93203.5 1 0.40735
6 440001 460000 450000.5 7.1667 1 27 fermentation 0 7.1667 73203.5 0.998649932496625 0.4058
6 460001 480000 470000.5 3 0 5 fermentation 0 Inf 53203.5 0.999749987499375 0.3877
6 480001 5e+05 490000.5 3 1 23 fermentation 0 3 33203.5 0.998799939997 0.39655
6 500001 520000 510000.5 0 0 0 fermentation 0 NA 13203.5 1 0.39805
6 520001 540000 530000.5 0 0 0 fermentation 0 NA 0 0.999874993749687 0.0692
7 1 20000 10000.5 16 0 2 fermentation 1 Inf 10000.5 0.99989999499975 0.3923
7 20001 40000 30000.5 17 1 37 fermentation 1 17 30000.5 0.998149907495375 0.3831
7 40001 60000 50000.5 0 8 830 fermentation 1 0 50000.5 0.958497924896245 0.4059
7 60001 80000 70000.5 2 0 60 fermentation 0 Inf 70000.5 0.9969998499925 0.4096
7 80001 1e+05 90000.5 3 2 34 fermentation 0 1.5 90000.5 0.99829991499575 0.39115
7 100001 120000 110000.5 2 0 21 fermentation 0 Inf 110000.5 0.998949947497375 0.40515
7 120001 140000 130000.5 3 0 18 fermentation 0 Inf 130000.5 0.99909995499775 0.3925
7 140001 160000 150000.5 0 0 25 fermentation 0 NA 150000.5 0.998724936246812 0.3975
7 160001 180000 170000.5 7 0 0 fermentation 0 Inf 170000.5 1 0.3875
7 180001 2e+05 190000.5 3 0 28 fermentation 0 Inf 190000.5 0.9985999299965 0.40495
7 200001 220000 210000.5 0 1 49 fermentation 0 0 210000.5 0.997549877493875 0.3814
7 220001 240000 230000.5 8 0 2 fermentation 0 Inf 230000.5 0.99989999499975 0.4051
7 240001 260000 250000.5 6 0 0 fermentation 0 Inf 250000.5 1 0.381
7 260001 280000 270000.5 6 1 22 fermentation 0 6 270000.5 0.99889994499725 0.4116
7 280001 3e+05 290000.5 3 0 51 fermentation 0 Inf 290000.5 0.997449872493625 0.3799
7 300001 320000 310000.5 2 2 32 fermentation 0 1 310000.5 0.998399919996 0.40055
7 320001 340000 330000.5 1 0 45 fermentation 0 Inf 330000.5 0.997749887494375 0.3826
7 340001 360000 350000.5 3 0 71 fermentation 0 Inf 350000.5 0.996449822491125 0.37325
7 360001 380000 370000.5 5 1 76 fermentation 0 5 370000.5 0.9961998099905 0.4334
7 380001 4e+05 390000.5 12 0 11 fermentation 0 Inf 390000.5 0.999449972498625 0.3894
7 400001 420000 410000.5 7 0 52 fermentation 0 Inf 410000.5 0.99709985499275 0.41975
7 420001 440000 430000.5 8 2 21 fermentation 0 4 430000.5 0.998949947497375 0.4049
7 440001 460000 450000.5 8 2 19 fermentation 0 4 450000.5 0.999049952497625 0.41835
7 460001 480000 470000.5 4 1 79 fermentation 0 4 470000.5 0.996049802490125 0.3891
7 480001 5e+05 490000.5 0 1 238 fermentation 0 0 490000.5 0.988099404970249 0.3739
7 500001 520000 510000.5 2 4 260 fermentation 0 0.5 510000.5 0.986999349967498 0.41835
7 520001 540000 530000.5 7 0 49 fermentation 0 Inf 497507.5 0.993849692484624 0.3919
7 540001 560000 550000.5 4 0 2 fermentation 0 Inf 477507.5 0.99989999499975 0.39545
7 560001 580000 570000.5 4 0 33 fermentation 0 Inf 457507.5 0.998349917495875 0.3886
7 580001 6e+05 590000.5 9 5 101 fermentation 0 1.8 437507.5 0.994949747487374 0.3911
7 600001 620000 610000.5 7 0 52 fermentation 0 Inf 417507.5 0.9973998699935 0.40785
7 620001 640000 630000.5 2 3 70 fermentation 0 0.666666666666667 397507.5 0.99649982499125 0.4035
7 640001 660000 650000.5 5 1 44 fermentation 0 5 377507.5 0.9977998899945 0.39355
7 660001 680000 670000.5 1 1 84 fermentation 0 1 357507.5 0.995799789989499 0.38185
7 680001 7e+05 690000.5 1 1 59 fermentation 0 1 337507.5 0.997049852492625 0.37695
7 700001 720000 710000.5 9 0 56 fermentation 0 Inf 317507.5 0.997199859993 0.3944
7 720001 740000 730000.5 6 3 54 fermentation 0 2 297507.5 0.99729986499325 0.3996
7 740001 760000 750000.5 5.75 1 40 fermentation 0 5.75 277507.5 0.997999899995 0.37975
7 760001 780000 770000.5 7.5 0 0 fermentation 0 Inf 257507.5 1 0.38685
7 780001 8e+05 790000.5 6.75 0 46 fermentation 0 Inf 237507.5 0.99769988499425 0.37815
7 800001 820000 810000.5 9.5 1 48 fermentation 0 9.5 217507.5 0.997599879994 0.4125
7 820001 840000 830000.5 7 0 0 fermentation 0 Inf 197507.5 1 0.38795
7 840001 860000 850000.5 7 0 0 fermentation 0 Inf 177507.5 0.999974998749937 0.41315
7 860001 880000 870000.5 8.5 3 47 fermentation 0 2.83333333333333 157507.5 0.997649882494125 0.43345
7 880001 9e+05 890000.5 0 3 62 fermentation 0 0 137507.5 0.99689984499225 0.38615
7 900001 920000 910000.5 1 2 243 fermentation 0 0.5 117507.5 0.987774388719436 0.3886
7 920001 940000 930000.5 4 2 155 fermentation 0 2 97507.5 0.992249612480624 0.3977
7 940001 960000 950000.5 7 1 48 fermentation 0 7 77507.5 0.997599879994 0.40565
7 960001 980000 970000.5 12 3 48 fermentation 0 4 57507.5 0.997599879994 0.404
7 980001 1e+06 990000.5 1 0 43 fermentation 0 Inf 37507.5 0.997849892494625 0.38965
7 1000001 1020000 1010000.5 8 0 56 fermentation 0 Inf 17507.5 0.997199859993 0.4083
7 1020001 1040000 1030000.5 1 1 40 fermentation 0 1 0 0.997774888744437 0.15345
8 1 20000 10000.5 3.5 0 89 fermentation 0 Inf 10000.5 0.995274763738187 0.4044
8 20001 40000 30000.5 7 0 0 fermentation 0 Inf 30000.5 1 0.4088
8 40001 60000 50000.5 8.5 4 17 fermentation 0 2.125 50000.5 0.999149957497875 0.45555
8 60001 80000 70000.5 11 2 46 fermentation 0 5.5 70000.5 0.99769988499425 0.41315
8 80001 1e+05 90000.5 3 0 44 fermentation 0 Inf 90000.5 0.9977998899945 0.39265
8 100001 120000 110000.5 7.25 0 40 fermentation 0 Inf 110000.5 0.997999899995 0.38475
8 120001 140000 130000.5 10.5 1 0 fermentation 0 10.5 130000.5 1 0.40745
8 140001 160000 150000.5 5.25 0 38 fermentation 0 Inf 150000.5 0.99809990499525 0.42305
8 160001 180000 170000.5 7 3 57 fermentation 0 2.33333333333333 170000.5 0.997149857492875 0.3935
8 180001 2e+05 190000.5 5 1 39 fermentation 0 5 190000.5 0.998049902495125 0.3976
8 200001 220000 210000.5 8 0 29 fermentation 0 Inf 210000.5 0.998549927496375 0.3903
8 220001 240000 230000.5 5 1 60 fermentation 0 5 230000.5 0.9969998499925 0.40745
8 240001 260000 250000.5 2 2 29 fermentation 0 1 250000.5 0.998549927496375 0.3964
8 260001 280000 270000.5 7 0 10 fermentation 0 Inf 270000.5 0.99949997499875 0.4087
8 280001 3e+05 290000.5 4 1 54 fermentation 0 4 290000.5 0.997274863743187 0.3873
8 300001 320000 310000.5 1 0 51 fermentation 0 Inf 310000.5 0.997449872493625 0.3917
8 320001 340000 330000.5 2 2 59 fermentation 0 1 330000.5 0.997049852492625 0.38895
8 340001 360000 350000.5 6 0 54 fermentation 0 Inf 350000.5 0.99729986499325 0.39575
8 360001 380000 370000.5 8 1 6 fermentation 0 8 370000.5 0.99969998499925 0.38835
8 380001 4e+05 390000.5 6 0 0 fermentation 0 Inf 390000.5 0.999974998749937 0.40035
8 400001 420000 410000.5 3 0 1 fermentation 0 Inf 396277.5 0.999949997499875 0.38075
8 420001 440000 430000.5 9 1 13 fermentation 0 9 376277.5 0.999349967498375 0.3986
8 440001 460000 450000.5 5 2 58 fermentation 0 2.5 356277.5 0.99709985499275 0.38335
8 460001 480000 470000.5 0 2 50 fermentation 0 0 336277.5 0.99749987499375 0.3931
8 480001 5e+05 490000.5 5 0 40 fermentation 0 Inf 316277.5 0.997999899995 0.4001
8 500001 520000 510000.5 11 3 53 fermentation 0 3.66666666666667 296277.5 0.99729986499325 0.4176
8 520001 540000 530000.5 3 1 12 fermentation 0 3 276277.5 0.9993999699985 0.4011
8 540001 560000 550000.5 2 1 34 fermentation 0 2 256277.5 0.99829991499575 0.39115
8 560001 580000 570000.5 16 1 65 fermentation 0 16 236277.5 0.996724836241812 0.4025
8 580001 6e+05 590000.5 2.75 2 20 fermentation 0 1.375 216277.5 0.9989999499975 0.3758
8 600001 620000 610000.5 3.5 0 0 fermentation 0 Inf 196277.5 1 0.38815
8 620001 640000 630000.5 3.75 0 13 fermentation 0 Inf 176277.5 0.999349967498375 0.40185
8 640001 660000 650000.5 4 0 0 fermentation 0 Inf 156277.5 1 0.3972
8 660001 680000 670000.5 2 1 31 fermentation 0 2 136277.5 0.998449922496125 0.40665
8 680001 7e+05 690000.5 4 1 65 fermentation 0 4 116277.5 0.996724836241812 0.399
8 700001 720000 710000.5 4 0 68 fermentation 0 Inf 96277.5 0.9965998299915 0.3822
8 720001 740000 730000.5 8 0 33 fermentation 0 Inf 76277.5 0.998349917495875 0.4195
8 740001 760000 750000.5 2 0 9 fermentation 0 Inf 56277.5 0.999549977498875 0.39165
8 760001 780000 770000.5 16 1 8 fermentation 0 16 36277.5 0.999574978748937 0.40775
8 780001 8e+05 790000.5 0 0 3 fermentation 0 NA 16277.5 0.999849992499625 0.40685
8 800001 820000 810000.5 0 0 0 fermentation 0 NA 0 1 0.1278
9 1 20000 10000.5 0 0 0 fermentation 0 NA 10000.5 0.997474873743687 0.38365
9 20001 40000 30000.5 5 0 1 fermentation 0 Inf 30000.5 0.999949997499875 0.40125
9 40001 60000 50000.5 10 0 0 fermentation 0 Inf 50000.5 0.999749987499375 0.43695
9 60001 80000 70000.5 8 0 10 fermentation 0 Inf 70000.5 0.99949997499875 0.38935
9 80001 1e+05 90000.5 3 4 49 fermentation 0 0.75 90000.5 0.997549877493875 0.4115
9 100001 120000 110000.5 0 0 4 fermentation 0 NA 110000.5 0.9997999899995 0.36965
9 120001 140000 130000.5 12 1 30 fermentation 0 12 130000.5 0.99849992499625 0.4019
9 140001 160000 150000.5 7 4 210 fermentation 1 1.75 150000.5 0.989499474973749 0.42775
9 160001 180000 170000.5 0 13 1170 fermentation 1 0 170000.5 0.941497074853743 0.41175
9 180001 2e+05 190000.5 1 7 1223 fermentation 1 0.142857142857143 190000.5 0.938846942347117 0.39415
9 200001 220000 210000.5 0 5 983 fermentation 1 0 208339.5 0.949822491124556 0.3826
9 220001 240000 230000.5 1 4 905 fermentation 1 0.25 188339.5 0.954747737386869 0.42855
9 240001 260000 250000.5 3 10 924 fermentation 1 0.3 168339.5 0.953797689884494 0.43885
9 260001 280000 270000.5 4 16 1190 fermentation 1 0.25 148339.5 0.940497024851243 0.4176
9 280001 3e+05 290000.5 0 11 985 fermentation 1 0 128339.5 0.950647532376619 0.4239
9 300001 320000 310000.5 8.75 0 1 fermentation 0 Inf 108339.5 0.999949997499875 0.40125
9 320001 340000 330000.5 3.5 0 0 fermentation 0 Inf 88339.5 0.9997999899995 0.4036
9 340001 360000 350000.5 2.75 1 4 fermentation 0 2.75 68339.5 0.9997999899995 0.399
9 360001 380000 370000.5 13 4 97 fermentation 0 3.25 48339.5 0.995149757487874 0.45175
9 380001 4e+05 390000.5 6 1 129 fermentation 0 6 28339.5 0.993549677483874 0.41805
9 400001 420000 410000.5 9 2 48 fermentation 0 4.5 8339.5 0.997599879994 0.38475
10 1 20000 10000.5 0 0 0 fermentation 0 NA 10000.5 0.999649982499125 0.4029
10 20001 40000 30000.5 0 12 0 fermentation 0 0 30000.5 1 0.4159
10 40001 60000 50000.5 0 1 75 fermentation 0 0 50000.5 0.996249812490624 0.4018
10 60001 80000 70000.5 1 3 77 fermentation 0 0.333333333333333 70000.5 0.996049802490125 0.393
10 80001 1e+05 90000.5 10 1 61 fermentation 0 10 90000.5 0.996949847492375 0.41325
10 100001 120000 110000.5 20 1 1 fermentation 0 20 110000.5 0.9997999899995 0.4429
10 120001 140000 130000.5 2 2 19 fermentation 0 1 130000.5 0.999049952497625 0.40105
10 140001 160000 150000.5 0 0 23 fermentation 0 NA 150000.5 0.998849942497125 0.3596
10 160001 180000 170000.5 3 0 65 fermentation 0 Inf 170000.5 0.996749837491875 0.39145
10 180001 2e+05 190000.5 6 3 88 fermentation 0 2 190000.5 0.995599779988999 0.39955
10 200001 220000 210000.5 3 5 61 fermentation 0 0.6 210000.5 0.996949847492375 0.41165
10 220001 240000 230000.5 14 3 317 fermentation 1 4.66666666666667 230000.5 0.984149207460373 0.38995
10 240001 260000 250000.5 0 0 1199 fermentation 1 NA 250000.5 0.940047002350118 0.4173
10 260001 280000 270000.5 1 9 1056 fermentation 1 0.111111111111111 270000.5 0.947197359867993 0.40015
10 280001 3e+05 290000.5 3 4 820 fermentation 1 0.75 290000.5 0.95894794739737 0.42135
10 300001 320000 310000.5 0 5 1316 fermentation 1 0 310000.5 0.934196709835492 0.38705
10 320001 340000 330000.5 0 7 1279 fermentation 1 0 330000.5 0.936046802340117 0.4337
10 340001 360000 350000.5 0 9 1158 fermentation 1 0 350000.5 0.942097104855243 0.40035
10 360001 380000 370000.5 0 8 949 fermentation 1 0 370000.5 0.951097554877744 0.38215
10 380001 4e+05 390000.5 0 4 979 fermentation 1 0 390000.5 0.951047552377619 0.41955
10 400001 420000 410000.5 2 2 1058 fermentation 1 1 410000.5 0.947097354867743 0.40455
10 420001 440000 430000.5 6 3 597 fermentation 1 2 430000.5 0.970148507425371 0.41605
10 440001 460000 450000.5 8 0 0 fermentation 0 Inf 450000.5 1 0.38725
10 460001 480000 470000.5 8 2 0 fermentation 0 4 470000.5 0.999874993749687 0.3689
10 480001 5e+05 490000.5 12 2 51 fermentation 0 6 490000.5 0.997449872493625 0.43125
10 500001 520000 510000.5 2 0 34 fermentation 0 Inf 506004.5 0.99829991499575 0.39955
10 520001 540000 530000.5 14 3 55 fermentation 0 4.66666666666667 486004.5 0.997249862493125 0.4307
10 540001 560000 550000.5 2 3 16 fermentation 0 0.666666666666667 466004.5 0.997724886244312 0.39385
10 560001 580000 570000.5 7 1 4 fermentation 0 7 446004.5 0.999624981249062 0.4065
10 580001 6e+05 590000.5 8 0 60 fermentation 0 Inf 426004.5 0.996824841242062 0.3734
10 600001 620000 610000.5 0 0 11 fermentation 0 NA 406004.5 0.999449972498625 0.4145
10 620001 640000 630000.5 19 0 0 fermentation 0 Inf 386004.5 1 0.38225
10 640001 660000 650000.5 0 1 28 fermentation 0 0 366004.5 0.9985999299965 0.3783
10 660001 680000 670000.5 5 4 57 fermentation 0 1.25 346004.5 0.997149857492875 0.40315
10 680001 7e+05 690000.5 3.25 4 31 fermentation 0 0.8125 326004.5 0.998449922496125 0.4158
10 700001 720000 710000.5 0.5 0 0 fermentation 0 Inf 306004.5 1 0.37235
10 720001 740000 730000.5 9.25 1 0 fermentation 0 9.25 286004.5 1 0.39735
10 740001 760000 750000.5 6 2 74 fermentation 0 3 266004.5 0.996299814990749 0.3954
10 760001 780000 770000.5 1 5 139 fermentation 0 0.2 246004.5 0.992924646232312 0.39635
10 780001 8e+05 790000.5 6 4 50 fermentation 0 1.5 226004.5 0.99749987499375 0.4255
10 800001 820000 810000.5 4 0 68 fermentation 0 Inf 206004.5 0.9965998299915 0.38975
10 820001 840000 830000.5 6 3 62 fermentation 0 2 186004.5 0.99689984499225 0.39715
10 840001 860000 850000.5 3 1 32 fermentation 0 3 166004.5 0.998399919996 0.41665
10 860001 880000 870000.5 10 3 95 fermentation 0 3.33333333333333 146004.5 0.995249762488124 0.3882
10 880001 9e+05 890000.5 4 1 50 fermentation 0 4 126004.5 0.99749987499375 0.4035
10 900001 920000 910000.5 4 1 43 fermentation 0 4 106004.5 0.997849892494625 0.3957
10 920001 940000 930000.5 0 0 20 fermentation 0 NA 86004.5 0.9989999499975 0.37605
10 940001 960000 950000.5 8 0 7 fermentation 0 Inf 66004.5 0.997024851242562 0.3924
10 960001 980000 970000.5 12 5 54 fermentation 0 2.4 46004.5 0.99729986499325 0.42105
10 980001 1e+06 990000.5 5 2 25 fermentation 0 2.5 26004.5 0.998749937496875 0.38255
10 1000001 1020000 1010000.5 0 0 1 fermentation 0 NA 6004.5 0.999949997499875 0.29105
11 1 20000 10000.5 0 0 0 fermentation 0 NA 10000.5 0.999149957497875 0.40945
11 20001 40000 30000.5 5 0 7 fermentation 0 Inf 30000.5 0.999649982499125 0.3993
11 40001 60000 50000.5 6.25 0 1 fermentation 0 Inf 50000.5 0.999949997499875 0.418
11 60001 80000 70000.5 6.5 0 0 fermentation 0 Inf 70000.5 1 0.41995
11 80001 1e+05 90000.5 5.25 0 15 fermentation 0 Inf 90000.5 0.999249962498125 0.3976
11 100001 120000 110000.5 2 0 31 fermentation 0 Inf 110000.5 0.998449922496125 0.4047
11 120001 140000 130000.5 3 4 42 fermentation 0 0.75 130000.5 0.997874893744687 0.39355
11 140001 160000 150000.5 10 0 10 fermentation 0 Inf 150000.5 0.99949997499875 0.4132
11 160001 180000 170000.5 3 1 23 fermentation 0 3 170000.5 0.998849942497125 0.3829
11 180001 2e+05 190000.5 1 1 34 fermentation 0 1 190000.5 0.99829991499575 0.3893
11 200001 220000 210000.5 4 1 46 fermentation 0 4 210000.5 0.99769988499425 0.40345
11 220001 240000 230000.5 8 2 22 fermentation 0 4 230000.5 0.99889994499725 0.4023
11 240001 260000 250000.5 4 3 73 fermentation 0 1.33333333333333 250000.5 0.996349817490875 0.40375
11 260001 280000 270000.5 5 2 38 fermentation 0 2.5 270000.5 0.99809990499525 0.407
11 280001 3e+05 290000.5 0 2 83 fermentation 0 0 290000.5 0.995849792489624 0.3814
11 300001 320000 310000.5 4 0 62 fermentation 0 Inf 310000.5 0.99689984499225 0.39025
11 320001 340000 330000.5 1 0 62 fermentation 0 Inf 305710.5 0.99689984499225 0.4113
11 340001 360000 350000.5 12 0 6 fermentation 0 Inf 285710.5 0.99969998499925 0.40795
11 360001 380000 370000.5 9 1 39 fermentation 0 9 265710.5 0.998049902495125 0.4192
11 380001 4e+05 390000.5 2.25 0 3 fermentation 0 Inf 245710.5 0.999849992499625 0.3861
11 400001 420000 410000.5 4.5 0 0 fermentation 0 Inf 225710.5 0.999874993749687 0.38265
11 420001 440000 430000.5 6.0833 0 1 fermentation 0 Inf 205710.5 0.999949997499875 0.37735
11 440001 460000 450000.5 5.6667 0 0 fermentation 0 Inf 185710.5 1 0.39745
11 460001 480000 470000.5 5.6667 0 0 fermentation 0 Inf 165710.5 1 0.4044
11 480001 5e+05 490000.5 3.8333 0 1 fermentation 0 Inf 145710.5 0.999924996249812 0.4188
11 500001 520000 510000.5 25 10 40 fermentation 0 2.5 125710.5 0.997999899995 0.48035
11 520001 540000 530000.5 2 0 34 fermentation 0 Inf 105710.5 0.998174908745437 0.38045
11 540001 560000 550000.5 7 0 6 fermentation 0 Inf 85710.5 0.99969998499925 0.4141
11 560001 580000 570000.5 7 2 29 fermentation 0 3.5 65710.5 0.998549927496375 0.39665
11 580001 6e+05 590000.5 5 1 81 fermentation 0 5 45710.5 0.995949797489874 0.4115
11 600001 620000 610000.5 3 1 51 fermentation 0 3 25710.5 0.997449872493625 0.3769
11 620001 640000 630000.5 0 1 21 fermentation 0 0 5710.5 0.99809990499525 0.302
12 1 20000 10000.5 3.25 0 2 fermentation 0 Inf 10000.5 0.999724986249312 0.44315
12 20001 40000 30000.5 4.5 0 0 fermentation 0 Inf 30000.5 1 0.3973
12 40001 60000 50000.5 18.25 0 7 fermentation 0 Inf 50000.5 0.999649982499125 0.418
12 60001 80000 70000.5 9 4 21 fermentation 0 2.25 70000.5 0.998924946247312 0.4192
12 80001 1e+05 90000.5 6 0 32 fermentation 0 Inf 90000.5 0.998399919996 0.3909
12 100001 120000 110000.5 0.5 0 41 fermentation 0 Inf 110000.5 0.997849892494625 0.3751
12 120001 140000 130000.5 1 0 0 fermentation 0 Inf 130000.5 1 0.38485
12 140001 160000 150000.5 3.8333 0 1 fermentation 0 Inf 150000.5 0.999749987499375 0.449
12 160001 180000 170000.5 4.6667 0 0 fermentation 0 Inf 170000.5 1 0.37935
12 180001 2e+05 190000.5 4.6667 2 0 fermentation 0 2.33335 190000.5 1 0.40005
12 200001 220000 210000.5 6.3333 0 32 fermentation 0 Inf 210000.5 0.998399919996 0.39525
12 220001 240000 230000.5 0 0 61 fermentation 0 NA 215541.5 0.996949847492375 0.4052
12 240001 260000 250000.5 10 5 44 fermentation 0 2 195541.5 0.9977998899945 0.42505
12 260001 280000 270000.5 3 0 68 fermentation 0 Inf 175541.5 0.9965998299915 0.39695
12 280001 3e+05 290000.5 3 0 18 fermentation 0 Inf 155541.5 0.99909995499775 0.3879
12 300001 320000 310000.5 11 2 1 fermentation 0 5.5 135541.5 0.999949997499875 0.43365
12 320001 340000 330000.5 13 1 59 fermentation 0 13 115541.5 0.997049852492625 0.4071
12 340001 360000 350000.5 2 2 63 fermentation 0 1 95541.5 0.996849842492125 0.40575
12 360001 380000 370000.5 0 1 82 fermentation 0 0 75541.5 0.995899794989749 0.37325
12 380001 4e+05 390000.5 1 0 8 fermentation 0 Inf 55541.5 0.999599979999 0.42085
12 400001 420000 410000.5 0 0 0 fermentation 0 NA 35541.5 1 0.39
12 420001 440000 430000.5 0 0 0 fermentation 0 NA 15541.5 0.999474973748687 0.40005
12 440001 460000 450000.5 0 0 0 fermentation 0 NA 0 1 0.10705
13 1 20000 10000.5 5 18 234 fermentation 0 0.277777777777778 10000.5 0.986674333716686 0.39025
13 20001 40000 30000.5 2 19 832 fermentation 1 0.105263157894737 30000.5 0.958197909895495 0.41975
13 40001 60000 50000.5 2 28 1169 fermentation 1 0.0714285714285714 50000.5 0.941547077353868 0.38695
13 60001 80000 70000.5 1 25 1241 fermentation 1 0.04 70000.5 0.937946897344867 0.4377
13 80001 1e+05 90000.5 0 30 1195 fermentation 1 0 90000.5 0.940247012350618 0.3827
13 100001 120000 110000.5 4.3333 3 199 fermentation 1 1.44443333333333 110000.5 0.990049502475124 0.4121
13 120001 140000 130000.5 8.6667 0 0 fermentation 0 Inf 130000.5 0.9993999699985 0.40375
13 140001 160000 150000.5 8.6667 0 0 fermentation 0 Inf 150000.5 1 0.3909
13 160001 180000 170000.5 7.3333 1 10 fermentation 0 7.3333 170000.5 0.99929996499825 0.4336
13 180001 2e+05 190000.5 4 0 1 fermentation 0 Inf 190000.5 0.999949997499875 0.37865
13 200001 220000 210000.5 12 0 3 fermentation 0 Inf 210000.5 0.999849992499625 0.4128
13 220001 240000 230000.5 5 2 48 fermentation 0 2.5 230000.5 0.997599879994 0.41615
13 240001 260000 250000.5 0 0 32 fermentation 0 NA 250000.5 0.998399919996 0.37635
13 260001 280000 270000.5 1.25 0 32 fermentation 0 Inf 270000.5 0.998399919996 0.40095
13 280001 3e+05 290000.5 2.5 2 0 fermentation 0 1.25 290000.5 1 0.3826
13 300001 320000 310000.5 5.25 0 76 fermentation 0 Inf 310000.5 0.9961998099905 0.3977
13 320001 340000 330000.5 8.5 1 18 fermentation 0 8.5 330000.5 0.99909995499775 0.40215
13 340001 360000 350000.5 7 0 0 fermentation 0 Inf 350000.5 1 0.4169
13 360001 380000 370000.5 7 0 0 fermentation 0 Inf 370000.5 1 0.4104
13 380001 4e+05 390000.5 4.5 0 5 fermentation 0 Inf 390000.5 0.999749987499375 0.3891
13 400001 420000 410000.5 1 2 30 fermentation 0 0.5 410000.5 0.99849992499625 0.39215
13 420001 440000 430000.5 3.6667 0 24 fermentation 0 Inf 430000.5 0.998799939997 0.3989
13 440001 460000 450000.5 7.3333 0 0 fermentation 0 Inf 450000.5 1 0.401
13 460001 480000 470000.5 7.3333 0 0 fermentation 0 Inf 437340.5 1 0.40115
13 480001 5e+05 490000.5 3.6667 0 21 fermentation 0 Inf 417340.5 0.998949947497375 0.39675
13 500001 520000 510000.5 2 0 8 fermentation 0 Inf 397340.5 0.999599979999 0.386
13 520001 540000 530000.5 5 0 40 fermentation 0 Inf 377340.5 0.997999899995 0.38855
13 540001 560000 550000.5 6 0 1 fermentation 0 Inf 357340.5 0.999949997499875 0.37975
13 560001 580000 570000.5 4 1 9 fermentation 0 4 337340.5 0.999549977498875 0.39965
13 580001 6e+05 590000.5 2.1667 0 32 fermentation 0 Inf 317340.5 0.99829991499575 0.39845
13 600001 620000 610000.5 4.3333 0 0 fermentation 0 Inf 297340.5 1 0.4014
13 620001 640000 630000.5 4.3333 0 0 fermentation 0 Inf 277340.5 0.999949997499875 0.39085
13 640001 660000 650000.5 7.1667 0 1 fermentation 0 Inf 257340.5 0.999949997499875 0.411
13 660001 680000 670000.5 2.375 0 1 fermentation 0 Inf 237340.5 0.999949997499875 0.4074
13 680001 7e+05 690000.5 4.75 0 0 fermentation 0 Inf 217340.5 1 0.3873
13 700001 720000 710000.5 4.75 0 0 fermentation 0 Inf 197340.5 1 0.3852
13 720001 740000 730000.5 4.75 2 0 fermentation 0 2.375 177340.5 1 0.40895
13 740001 760000 750000.5 7.125 0 9 fermentation 0 Inf 157340.5 0.999549977498875 0.40775
13 760001 780000 770000.5 3.5 0 0 fermentation 0 Inf 137340.5 1 0.40115
13 780001 8e+05 790000.5 4.75 1 19 fermentation 0 4.75 117340.5 0.999049952497625 0.39565
13 800001 820000 810000.5 6 0 57 fermentation 0 Inf 97340.5 0.997149857492875 0.40985
13 820001 840000 830000.5 6 0 31 fermentation 0 Inf 77340.5 0.998449922496125 0.38285
13 840001 860000 850000.5 6 3 70 fermentation 0 2 57340.5 0.99649982499125 0.4284
13 860001 880000 870000.5 7 1 20 fermentation 0 7 37340.5 0.9989999499975 0.3936
13 880001 9e+05 890000.5 4 2 46 fermentation 0 2 17340.5 0.99769988499425 0.40905
13 900001 920000 910000.5 1 0 20 fermentation 0 Inf 0 0.997649882494125 0.1509
14 1 20000 10000.5 0 0 0 fermentation 1 NA 10000.5 0.999849992499625 0.37645
14 20001 40000 30000.5 12 6 45 fermentation 1 2 30000.5 0.997749887494375 0.41895
14 40001 60000 50000.5 10 4 29 fermentation 1 2.5 50000.5 0.998549927496375 0.41375
14 60001 80000 70000.5 6 2 53 fermentation 1 3 70000.5 0.997349867493375 0.39315
14 80001 1e+05 90000.5 8 0 20 fermentation 1 Inf 90000.5 0.997174858742937 0.39875
14 100001 120000 110000.5 7 4 47 fermentation 1 1.75 110000.5 0.997649882494125 0.434
14 120001 140000 130000.5 6 0 31 fermentation 1 Inf 130000.5 0.998449922496125 0.407
14 140001 160000 150000.5 3 1 50 fermentation 1 3 150000.5 0.99749987499375 0.37105
14 160001 180000 170000.5 1 1 46 fermentation 1 1 170000.5 0.99769988499425 0.38885
14 180001 2e+05 190000.5 3 9 1059 fermentation 1 0.333333333333333 190000.5 0.947047352367618 0.4543
14 200001 220000 210000.5 3 5 792 fermentation 1 0.6 210000.5 0.960398019900995 0.382
14 220001 240000 230000.5 7 2 235 fermentation 1 3.5 230000.5 0.988249412470623 0.39505
14 240001 260000 250000.5 0 14 1071 fermentation 1 0 250000.5 0.946447322366118 0.39425
14 260001 280000 270000.5 0 12 957 fermentation 1 0 270000.5 0.952147607380369 0.40125
14 280001 3e+05 290000.5 0 19 1010 fermentation 1 0 290000.5 0.949497474873744 0.398
14 300001 320000 310000.5 0 17 1226 fermentation 1 0 310000.5 0.938696934846742 0.4059
14 320001 340000 330000.5 0 14 1104 fermentation 1 0 330000.5 0.944797239861993 0.39785
14 340001 360000 350000.5 1 12 968 fermentation 1 0.0833333333333333 350000.5 0.951597579878994 0.40575
14 360001 380000 370000.5 0 18 1215 fermentation 1 0 370000.5 0.939246962348117 0.3938
14 380001 4e+05 390000.5 0 15 1138 fermentation 1 0 360655.5 0.943097154857743 0.39155
14 400001 420000 410000.5 1 18 1103 fermentation 1 0.0555555555555556 340655.5 0.944847242362118 0.38935
14 420001 440000 430000.5 0 15 1075 fermentation 1 0 320655.5 0.946247312365618 0.41155
14 440001 460000 450000.5 1 9 1000 fermentation 1 0.111111111111111 300655.5 0.949997499874994 0.3976
14 460001 480000 470000.5 0 16 1235 fermentation 1 0 280655.5 0.938246912345617 0.4018
14 480001 5e+05 490000.5 1 20 1038 fermentation 1 0.05 260655.5 0.948097404870244 0.41415
14 500001 520000 510000.5 2 12 1004 fermentation 1 0.166666666666667 240655.5 0.949797489874494 0.40855
14 520001 540000 530000.5 1 15 1170 fermentation 1 0.0666666666666667 220655.5 0.941497074853743 0.4104
14 540001 560000 550000.5 1 17 862 fermentation 1 0.0588235294117647 200655.5 0.956897844892245 0.3928
14 560001 580000 570000.5 1 18 1116 fermentation 1 0.0555555555555556 180655.5 0.944197209860493 0.39465
14 580001 6e+05 590000.5 2 6 301 fermentation 1 0.333333333333333 160655.5 0.984949247462373 0.3792
14 600001 620000 610000.5 0 1 71 fermentation 0 0 140655.5 0.996424821241062 0.38435
14 620001 640000 630000.5 9 3 58 fermentation 0 3 120655.5 0.99709985499275 0.4303
14 640001 660000 650000.5 15 3 41 fermentation 0 5 100655.5 0.997949897494875 0.44385
14 660001 680000 670000.5 10 2 54 fermentation 0 5 80655.5 0.99729986499325 0.4149
14 680001 7e+05 690000.5 11 1 39 fermentation 0 11 60655.5 0.998049902495125 0.43845
14 700001 720000 710000.5 13 0 12 fermentation 0 Inf 40655.5 0.988199409970498 0.40065
14 720001 740000 730000.5 1 16 38 fermentation 0 0.0625 20655.5 0.973873693684684 0.38405
14 740001 760000 750000.5 0 0 0 fermentation 0 NA 655.5 0.987224361218061 0.20995
15 1 20000 10000.5 2.6667 0 1 fermentation 0 Inf 10000.5 0.999549977498875 0.37875
15 20001 40000 30000.5 5.3333 0 0 fermentation 0 Inf 30000.5 1 0.3956
15 40001 60000 50000.5 5.3333 0 0 fermentation 0 Inf 50000.5 0.998749937496875 0.398
15 60001 80000 70000.5 5.6667 0 39 fermentation 0 Inf 70000.5 0.998049902495125 0.3987
15 80001 1e+05 90000.5 7 0 41 fermentation 0 Inf 90000.5 0.997924896244812 0.39175
15 100001 120000 110000.5 8 3 67 fermentation 0 2.66666666666667 110000.5 0.996649832491625 0.3885
15 120001 140000 130000.5 8.1667 1 52 fermentation 0 8.1667 130000.5 0.9973998699935 0.41225
15 140001 160000 150000.5 6.3333 0 0 fermentation 0 Inf 150000.5 1 0.3949
15 160001 180000 170000.5 6.3333 0 0 fermentation 0 Inf 170000.5 1 0.41655
15 180001 2e+05 190000.5 7.1667 1 12 fermentation 0 7.1667 190000.5 0.9993999699985 0.424
15 200001 220000 210000.5 9 0 51 fermentation 0 Inf 210000.5 0.997449872493625 0.41465
15 220001 240000 230000.5 2 2 34 fermentation 0 1 230000.5 0.99829991499575 0.3969
15 240001 260000 250000.5 7 3 68 fermentation 0 2.33333333333333 250000.5 0.9965998299915 0.4106
15 260001 280000 270000.5 9 0 7 fermentation 0 Inf 270000.5 0.999649982499125 0.40075
15 280001 3e+05 290000.5 2 1 53 fermentation 0 2 290000.5 0.997349867493375 0.40445
15 300001 320000 310000.5 2 2 60 fermentation 0 1 310000.5 0.9969998499925 0.3944
15 320001 340000 330000.5 0 1 67 fermentation 0 0 330000.5 0.996649832491625 0.38535
15 340001 360000 350000.5 13 0 33 fermentation 0 Inf 350000.5 0.998349917495875 0.40115
15 360001 380000 370000.5 0 14 777 fermentation 1 0 370000.5 0.96114805740287 0.39725
15 380001 4e+05 390000.5 1 26 1108 fermentation 1 0.0384615384615385 373748.5 0.944597229861493 0.46905
15 400001 420000 410000.5 2 23 1077 fermentation 1 0.0869565217391304 353748.5 0.946147307365368 0.41105
15 420001 440000 430000.5 4.25 31 795 fermentation 1 0.137096774193548 333748.5 0.959072953647682 0.41795
15 440001 460000 450000.5 8.5 0 0 fermentation 0 Inf 313748.5 1 0.3814
15 460001 480000 470000.5 7.25 1 20 fermentation 0 7.25 293748.5 0.9989999499975 0.3911
15 480001 5e+05 490000.5 2 0 0 fermentation 0 Inf 273748.5 1 0.39535
15 500001 520000 510000.5 3 0 16 fermentation 0 Inf 253748.5 0.999199959998 0.3889
15 520001 540000 530000.5 5 3 73 fermentation 0 1.66666666666667 233748.5 0.996349817490875 0.40915
15 540001 560000 550000.5 4 4 52 fermentation 0 1 213748.5 0.9973998699935 0.4082
15 560001 580000 570000.5 2 1 27 fermentation 0 2 193748.5 0.998649932496625 0.409
15 580001 6e+05 590000.5 5 1 46 fermentation 0 5 173748.5 0.99769988499425 0.3885
15 600001 620000 610000.5 1 1 59 fermentation 0 1 153748.5 0.997049852492625 0.38535
15 620001 640000 630000.5 6 0 29 fermentation 0 Inf 133748.5 0.998549927496375 0.41225
15 640001 660000 650000.5 4 0 35 fermentation 0 Inf 113748.5 0.997024851242562 0.3958
15 660001 680000 670000.5 5 1 16 fermentation 0 5 93748.5 0.999199959998 0.39975
15 680001 7e+05 690000.5 15 5 27 fermentation 0 3 73748.5 0.998649932496625 0.42505
15 700001 720000 710000.5 8.75 4 68 fermentation 0 2.1875 53748.5 0.9965998299915 0.41505
15 720001 740000 730000.5 9.5 0 0 fermentation 0 Inf 33748.5 1 0.4052
15 740001 760000 750000.5 4.75 0 6 fermentation 0 Inf 13748.5 0.998849942497125 0.3707
15 760001 780000 770000.5 0 0 0 fermentation 0 NA 0 1 0.06965
16 1 20000 10000.5 0 1 67 fermentation 0 0 10000.5 0.992799639981999 0.39105
16 20001 40000 30000.5 45 0 3 fermentation 0 Inf 30000.5 0.99749987499375 0.39105
16 40001 60000 50000.5 13.25 0 7 fermentation 0 Inf 50000.5 0.999274963748187 0.388
16 60001 80000 70000.5 4.5 1 0 fermentation 0 4.5 70000.5 1 0.38395
16 80001 1e+05 90000.5 17.25 0 12 fermentation 0 Inf 90000.5 0.9993999699985 0.43365
16 100001 120000 110000.5 1 0 2 fermentation 0 Inf 110000.5 0.99989999499975 0.41095
16 120001 140000 130000.5 12 0 9 fermentation 0 Inf 130000.5 0.999549977498875 0.42585
16 140001 160000 150000.5 1.875 0 1 fermentation 0 Inf 150000.5 0.999949997499875 0.413
16 160001 180000 170000.5 3.75 0 0 fermentation 0 Inf 170000.5 1 0.39725
16 180001 2e+05 190000.5 3.75 0 0 fermentation 0 Inf 190000.5 1 0.3876
16 200001 220000 210000.5 3.75 0 0 fermentation 0 Inf 210000.5 1 0.38775
16 220001 240000 230000.5 6.875 3 46 fermentation 0 2.29166666666667 230000.5 0.99769988499425 0.4189
16 240001 260000 250000.5 2 0 39 fermentation 0 Inf 250000.5 0.998049902495125 0.3789
16 260001 280000 270000.5 2 0 16 fermentation 0 Inf 270000.5 0.999199959998 0.40065
16 280001 3e+05 290000.5 3 2 46 fermentation 0 1.5 290000.5 0.99769988499425 0.37575
16 300001 320000 310000.5 1 2 52 fermentation 0 0.5 310000.5 0.9973998699935 0.41695
16 320001 340000 330000.5 1 0 32 fermentation 0 Inf 330000.5 0.998399919996 0.3752
16 340001 360000 350000.5 5 1 27 fermentation 0 5 350000.5 0.998649932496625 0.39535
16 360001 380000 370000.5 4 0 49 fermentation 0 Inf 370000.5 0.997549877493875 0.41005
16 380001 4e+05 390000.5 8 4 88 fermentation 0 2 390000.5 0.995599779988999 0.4125
16 400001 420000 410000.5 1 1 15 fermentation 0 1 410000.5 0.999249962498125 0.3845
16 420001 440000 430000.5 4 3 81 fermentation 0 1.33333333333333 430000.5 0.995949797489874 0.3831
16 440001 460000 450000.5 3 1 48 fermentation 0 3 450000.5 0.997599879994 0.41365
16 460001 480000 470000.5 16 4 13 fermentation 0 4 448463.5 0.99929996499825 0.3965
16 480001 5e+05 490000.5 10 0 0 fermentation 0 Inf 428463.5 1 0.40065
16 500001 520000 510000.5 7 0 1 fermentation 0 Inf 408463.5 0.999949997499875 0.39935
16 520001 540000 530000.5 7 1 38 fermentation 0 7 388463.5 0.99809990499525 0.41275
16 540001 560000 550000.5 1 0 53 fermentation 0 Inf 368463.5 0.997324866243312 0.38175
16 560001 580000 570000.5 3.3333 0 7 fermentation 0 Inf 348463.5 0.999649982499125 0.38305
16 580001 6e+05 590000.5 2.6667 1 0 fermentation 0 2.6667 328463.5 1 0.3923
16 600001 620000 610000.5 2.6667 0 0 fermentation 0 Inf 308463.5 1 0.3901
16 620001 640000 630000.5 3.3333 0 1 fermentation 0 Inf 288463.5 0.999949997499875 0.38555
16 640001 660000 650000.5 4 1 291 fermentation 0 4 268463.5 0.985449272463623 0.43515
16 660001 680000 670000.5 2 3 93 fermentation 0 0.666666666666667 248463.5 0.995349767488374 0.37895
16 680001 7e+05 690000.5 11 1 47 fermentation 0 11 228463.5 0.997649882494125 0.3935
16 700001 720000 710000.5 10 1 46 fermentation 0 10 208463.5 0.99769988499425 0.41885
16 720001 740000 730000.5 1 1 44 fermentation 0 1 188463.5 0.9977998899945 0.3863
16 740001 760000 750000.5 1 1 35 fermentation 0 1 168463.5 0.998249912495625 0.37805
16 760001 780000 770000.5 6.5 0 1 fermentation 0 Inf 148463.5 0.999949997499875 0.38925
16 780001 8e+05 790000.5 9 0 0 fermentation 0 Inf 128463.5 1 0.39625
16 800001 820000 810000.5 7.5 0 5 fermentation 0 Inf 108463.5 0.999749987499375 0.3929
16 820001 840000 830000.5 12 7 70 fermentation 0 1.71428571428571 88463.5 0.99649982499125 0.42215
16 840001 860000 850000.5 4 2 42 fermentation 0 2 68463.5 0.99789989499475 0.3938
16 860001 880000 870000.5 4 1 48 fermentation 0 4 48463.5 0.997599879994 0.40295
16 880001 9e+05 890000.5 3 2 12 fermentation 0 1.5 28463.5 0.9993999699985 0.42515
16 900001 920000 910000.5 0 0 0 fermentation 0 NA 8463.5 0.999649982499125 0.3629
