x
1 1
2 1
3 0.1077
4 0.1288
5 0.193
6 0.0789
7 0.1585
8 1
9 0.3827
10 0.1618
11 0.1411
12 0.1932
13 0.4052
14 0.2187
15 0.251
16 1
17 0.1254
18 1
19 0.3484
20 0.2365
21 1
22 1
23 0.0154
24 1
25 0.0668
26 1
27 1
28 1
29 1
30 1
31 1
32 1
33 1
34 0.1357
35 0.2639
36 1
37 1
38 1
39 1
40 1
41 1
42 0.2075
43 0.6971
44 0.6048
45 0.4476
46 0.5316
47 0.8996
48 0.8891
49 0.6463
50 0.6654
51 0.6644
52 0.6182
53 0.4341
54 1
55 1
56 1
57 1
58 1
59 1
60 1
61 0.2
62 0.1014
63 0.3209
64 0.0927
65 0.4637
66 0.1057
67 0.0767
68 0.2991
69 0.2099
70 0.1167
71 0.0609
72 0.1267
73 0.2599
74 0.5507
75 0.3688
76 0.6229
77 0.0272
78 0.1409
79 0.4304
80 0.2331
81 0.1819
82 0.3058
83 0.8342
84 0.2225
85 0.051
86 0.0173
87 0.1352
88 0.2269
89 0.0988
90 0.5841
91 1
92 1
93 0.0213
94 0.1981
95 0.0804
96 0.0913
97 0.1463
98 0.2337
99 0.2176
100 0.0967
101 0.0694
102 0.0323
103 1
104 0.3931
105 0.2628
106 0.0257
107 0.6101
108 0.4554
109 1
110 1
111 0.0325
112 0.0342
113 0.0571
114 0.1374
115 0.1923
116 0.2744
117 0.2078
118 1
119 1
120 1
121 1
122 1
123 1
124 1
125 1
126 1
127 1
128 0.0398
129 0.1124
130 0.1109
131 0.1556
132 0.1037
133 0.1474
134 1
135 0.183
136 0.2859
137 0.0918
138 0.2095
139 0.1501
140 1
141 0.3314
142 0.8798
143 0.1475
144 0.662
145 0.7751
146 1
147 1
148 1
149 0.196
150 0.2891
151 1
152 1
153 1
154 0.0803
155 0.2612
156 0.1256
157 0.1342
158 0.1733
159 0.1791
160 0.1097
161 1
162 1
163 1
164 0.0522
165 0.0559
166 0.1654
167 0.3933
168 0.445
169 0.293
170 1
171 0.1646
172 0.4086
173 0.171
174 0.2774
175 0.178
176 0.1861
177 0.34
178 0.2698
179 0.3459
180 0.3222
181 0.1954
182 0.1071
183 0.0287
184 1
185 1
186 0.015
187 0.3232
188 0.08
189 1
190 0.1939
191 0.3346
192 0.1908
193 0.1395
194 0.0485
195 0.0281
196 1
197 1
198 1
199 1
200 0.2788
201 0.1219
202 0.1785
203 0.0052
204 1
205 1
206 1
207 1
208 0.1079
209 0.227
210 0.1354
211 0.1121
212 0.2179
213 0.3774
214 0.1319
215 0.1468
216 0.1019
217 1
218 0.0078
219 1
220 0.0989
221 0.1657
222 0.3303
223 0.139
224 0.7677
225 0.8352
226 0.9292
227 0.5682
228 1
229 1
230 0.0888
231 0.2433
232 1
233 1
234 1
235 0.0509
236 0.2128
237 0.0255
238 0.2069
239 1
240 1
241 1
242 1
243 1
244 1
245 1
246 1
247 0.5134
248 0.1635
249 0.0389
250 1
251 0.0483
252 1
253 1
254 8e-04
255 1
256 1
257 1
258 1
259 1
260 1
261 1
262 1
263 1
264 1
265 1
266 1
267 1
268 1
269 1
270 1
271 1
272 0.029
273 1
274 1
275 0.0882
276 0.1072
277 0.073
278 0.1322
279 0.0316
280 1
281 1
282 1
283 1
284 0.0326
285 0.165
286 0.42
287 0.2465
288 0.3816
289 0.2571
290 0.0459
291 1
292 1
293 1
294 0.0671
295 0.2784
296 0.1819
297 1
298 1
299 1
300 0.2597
301 0.4828
302 0.4764
303 0.8755
304 0.4187
305 0.261
306 0.3
307 1
308 1
309 0.4448
310 0.2251
311 0.2797
312 0.2054
313 0.128
314 0.1816
315 1
316 1
317 0.3601
318 0.3471
319 0.1795
320 0.2069
321 0.4714
322 0.1628
323 0.1768
324 0.3514
325 0.0617
326 0.2288
327 0.1759
328 0.1758
329 0.1876
330 0.0872
331 1
332 1
333 0.0977
334 0.0872
335 0.2916
336 0.0945
337 0.2451
338 1
339 1
340 1
341 1
342 1
343 1
344 1
345 0.1579
346 0.0408
347 0.3766
348 0.1437
349 0.1386
350 0.1475
351 1
352 1
353 1
354 1
355 1
356 1
357 0.2771
358 0.8014
359 0.6217
360 0.5719
361 0.1772
362 0.1724
363 0.0969
364 1
365 1
366 1
367 1
368 1
369 1
370 1
371 0.0531
372 0.7915
373 0.338
374 0.1481
375 0.1466
376 0.1127
377 1
378 0.1694
379 0.1315
380 0.1406
381 0.0149
382 0.0791
383 1
384 1
385 0.0598
386 0.1175
387 0.0972
388 0.238
389 0.4165
390 0.2011
391 0.0439
392 0.0282
393 1
394 1
395 1
396 1
397 1
398 1
399 1
400 1
401 1
402 1
403 1
404 0.1203
405 1
406 1
407 0.0154
408 1
409 1
410 1
411 0.6581
412 0.8905
413 0.8207
414 0.2676
415 0.2166
416 0.1599
417 0.0046
418 0.0903
419 1
420 1
421 1
422 1
423 0.2549
424 0.4021
425 0.2932
426 0.1328
427 1
428 0.1367
429 1
430 1
431 1
432 1
433 0.1638
434 0.2448
435 0.5772
436 0.833
437 0.9488
438 0.9625
439 0.8503
440 0.9247
441 0.7817
442 0.0727
443 0.0055
444 0.1687
445 0.2692
446 0.1237
447 0.1381
448 0.1754
449 0.1273
450 0.0342
451 0.1074
452 0.1247
453 0.1166
454 0.2686
455 0.2011
456 0.0721
457 0.3093
458 0.073
459 0.1689
460 0.078
461 0.4971
462 0.1264
463 0.1212
464 0.2861
465 0.1735
466 0.0642
467 0.0284
468 0.3306
469 0.1655
470 0.1915
471 0.026
472 0.1721
473 0.1875
474 0.1977
475 0.1931
476 0.1736
477 0.1948
478 0.1809
479 0.0341
480 1
481 1
482 1
483 1
484 1
485 1
486 1
487 0.0563
488 0.0928
489 1
490 1
491 1
492 1
493 1
494 1
495 1
496 0.5303
497 0.6753
498 0.3626
499 0.0307
500 1
501 1
502 1
503 1
504 1
505 1
506 1
507 1
508 1
509 0.1451
510 1
511 0.2658
512 0.1997
513 0.1499
514 0.2738
515 0.1587
516 0.3299
517 0.008
518 0.272
519 0.3277
520 0.0996
521 0.1829
522 0.2258
523 0.121
524 0.0076
525 0.2164
526 0.194
527 0.197
528 1
529 1
530 1
531 1
532 0.2346
533 0.2041
534 0.0923
535 1
536 1
537 1
538 0.2925
539 0.3352
540 0.1629
541 0.3192
542 0.1985
543 0.2196
544 0.1666
545 0.2623
546 0.2037
547 0.1724
548 0.1413
549 0.1871
550 0.073
551 0.0548
552 0.1834
553 0.3014
554 0.226
555 0.0155
556 1
557 0.0801
558 0.0233
559 0.2774
560 0.053
561 0.1992
562 0.1368
563 0.0889
564 0.1849
565 0.1758
566 0.1168
567 0.1396
568 0.027
569 0.2085
570 0.1698
571 1
572 1
573 0.0555
574 0.1844
575 0.2228
576 0.3122
577 0.2365
578 0.1589
579 0.4651
580 1
581 1
582 1
583 1
