x
1 0.3025
2 0.0176
3 1
4 0.0246
5 0.2282
6 0.2746
7 1
8 0.1304
9 0.4111
10 0.1137
11 1
12 0.3252
13 0.1082
14 1
15 0.0871
16 0.0524
17 0.2308
18 0.1891
19 0.3715
20 0.0705
21 1
22 1
23 0.0136
24 0.0216
25 0.0962
26 0.1484
27 1
28 1
29 1
30 0.1067
31 0.1595
32 0.4221
33 0.187
34 0.1862
35 0.0521
36 1
37 1
38 1
39 0.107
40 0.3133
41 0.1739
42 0.2071
43 0.1451
44 1
45 0.2052
46 0.8032
47 0.33
48 1
49 1
50 1
51 1
52 1
53 0.3911
54 0.7063
55 1
56 1
57 1
58 1
59 0.1674
60 0.2532
61 0.2592
62 0.0785
63 0.065
64 1
65 0.0071
66 0.1133
67 1
68 1
69 1
70 1
71 1
72 1
73 1
74 0.1809
75 0.1735
76 1
77 0.0237
78 0.1602
79 0.466
80 0.0729
81 0.1456
82 0.0598
83 1
84 1
85 0.182
86 0.1704
87 0.1653
88 0.2253
89 0.0392
90 0.0191
91 0.1285
92 1
93 0.1475
94 0.1693
95 0.0642
96 0.045
97 0.1769
98 0.3154
99 0.2325
100 0.1099
101 0.1297
102 0.0599
103 1
104 1
105 0.0797
106 0.0848
107 0.1343
108 0.0846
109 1
110 1
111 1
112 1
113 1
114 1
115 1
116 1
117 1
118 0.1688
119 1
120 0.0319
121 1
122 1
123 1
124 1
125 1
126 1
127 1
128 1
129 0.1173
130 0.1782
131 0.5432
132 0.4579
133 0.1502
134 0.6595
135 0.9665
136 1
137 0.9556
138 0.9421
139 0.6977
140 0.0717
141 0.2682
142 0.0549
143 0.2696
144 0.0437
145 1
146 0.1496
147 0.0945
148 0.3411
149 0.1166
150 1
151 1
152 1
153 0.071
154 1
155 1
156 0.078
157 1
158 1
159 1
160 1
161 1
162 0.1514
163 0.0815
164 0.1288
165 0.1058
166 0.1355
167 0.0894
168 0.7685
169 0.9537
170 0.983
171 0.3689
172 0.2215
173 0.0451
174 0.2613
175 0.2144
176 1
177 0.081
178 1
179 0.245
180 0.2859
181 0.1541
182 0.2564
183 0.1327
184 0.1767
185 0.2409
186 0.2157
187 0.1867
188 1
189 1
190 0.1067
191 0.0197
192 0.0591
193 1
194 1
195 1
196 0.0502
197 0.7797
198 0.229
199 0.0673
200 0.0684
201 0.0304
202 0.1074
203 1
204 0.1255
205 0.2192
206 1
207 1
208 0.0792
209 0.2026
210 0.0717
211 0.1462
212 0.214
213 0.3453
214 0.0181
215 0.216
216 0.0346
217 0.0433
218 0.2799
219 0.8627
220 0.86
221 0.1864
222 1
223 0.1055
224 0.3113
225 0.1651
226 0.315
227 0.169
228 0.3789
229 0.2754
230 0.1611
231 0.1855
232 0.1184
233 1
234 0.1225
235 0.2089
236 1
237 1
238 0.1604
239 0.2787
240 0.7345
241 0.4914
242 0.185
243 0.1247
244 0.1319
245 0.226
246 0.1454
247 0.3585
248 1
249 0.0603
250 0.2039
251 0.2105
252 0.1658
253 1
254 0.1918
255 0.2205
256 0.1477
257 0.136
258 0.261
259 0.0852
260 0.0302
261 0.1983
262 0.1931
263 0.2179
264 0.2203
265 0.0085
266 1
267 1
268 0.0516
269 0.235
270 0.2016
271 0.1118
272 0.2308
273 0.0178
274 0.1195
275 0.2868
276 0.0729
277 1
278 0.043
279 1
280 0.1287
281 0.2592
282 0.1604
283 0.0986
284 0.0184
285 0.0488
286 1
287 1
288 1
289 1
290 1
291 0.0395
292 0.2018
293 1
294 0.1517
295 0.4216
296 0.9258
297 0.9436
298 0.878
299 0.9676
300 0.9811
301 1
302 0.9617
303 1
304 1
305 0.0134
306 0.3022
307 0.4925
308 0.1718
309 1
310 1
311 0.286
312 0.3155
313 0.23
314 1
315 0.065
316 0.0279
317 0.365
318 0.3324
319 0.2038
320 0.4646
321 1
322 0.9993
323 0.7793
324 1
325 1
326 0.9877
327 0.8257
328 0.8496
329 0.9366
330 0.5279
331 1
332 1
333 0.186
334 0.1005
335 0.2555
336 0.0698
337 0.006
338 0.202
339 0.0266
340 1
341 0.1238
342 0.2541
343 0.1257
344 1
345 1
346 0.2652
347 0.5202
348 0.1563
349 0.3449
350 0.2453
351 0.0723
352 0.3201
353 0.1772
354 0.1867
355 0.0528
356 1
357 0.2613
358 0.1137
359 1
360 1
361 0.0072
362 1
363 1
364 0.028
365 0.0842
366 0.1322
367 0.0346
368 0.0243
369 0.0687
370 0.0948
371 0.0917
372 0.3281
373 0.1527
374 0.3032
375 0.2311
376 0.2435
377 1
378 0.1559
379 1
380 1
381 1
382 1
383 1
384 1
385 0.2053
386 0.1192
387 0.0111
388 0.0756
389 0.4417
390 0.1685
391 0.0376
392 1
393 1
394 0.0141
395 0.0691
396 0.1632
397 0.1656
398 1
399 1
400 1
401 1
402 0.1451
403 0.2419
404 0.2034
405 0.3037
406 0.0556
407 1
408 0.3023
409 0.2655
410 0.427
411 0.0165
412 1
413 1
414 1
415 0.2348
416 0.757
417 1
418 0.9751
419 0.9977
420 0.1824
421 1
422 1
423 0.0321
424 1
425 1
426 0.1693
427 0.0831
428 0.0923
429 1
430 0.3214
431 0.0277
432 1
433 1
434 1
435 0.149
436 0.1247
437 1
438 1
439 0.106
440 1
441 0.1233
442 1
443 0.0059
444 0.1086
445 1
446 1
447 1
448 1
449 1
450 1
451 1
452 0.0274
453 1
454 0.0727
455 0.2306
456 0.0719
457 0.3203
458 0.0401
459 0.1693
460 0.0672
461 1
462 0.1528
463 0.0901
464 0.2624
465 0.0618
466 0.1823
467 0.1011
468 0.1972
469 0.1492
470 0.94
471 0.606
472 0.1901
473 0.9258
474 0.9317
475 0.9619
476 0.9974
477 0.9623
478 0.9558
479 0.9843
480 0.9552
481 0.9783
482 0.9591
483 0.9319
484 0.9961
485 0.9837
486 0.991
487 0.9841
488 0.9102
489 0.9578
490 0.7067
491 0.2992
492 0.2709
493 0.1542
494 0.2342
495 0.1751
496 0.0282
497 0.1066
498 1
499 1
500 1
501 1
502 0.1193
503 0.1396
504 0.3606
505 0.1705
506 1
507 1
508 0.0166
509 0.2188
510 0.0782
511 0.3149
512 0.0116
513 0.0959
514 0.2291
515 0.2108
516 0.173
517 0.7114
518 0.9793
519 0.9758
520 0.7134
521 1
522 0.0933
523 1
524 0.0366
525 0.3225
526 0.1647
527 0.0563
528 0.1673
529 0.2117
530 0.0794
531 0.1295
532 0.0629
533 0.0987
534 0.249
535 1
536 0.0228
537 1
538 0.2751
539 1
540 0.0274
541 1
542 0.054
543 1
544 0.0357
545 1
546 1
547 1
548 1
549 0.1627
550 0.1238
551 0.0362
552 0.1817
553 0.2009
554 0.1038
555 0.065
556 0.1658
557 0.2709
558 0.057
559 0.271
560 0.1723
561 0.0406
562 1
563 1
564 0.1758
565 0.1848
566 0.0186
567 1
568 1
569 1
570 0.3114
571 0.2282
572 0.1539
573 0.1436
574 0.181
575 0.1097
576 1
577 1
578 0.0212
579 0.289
580 0.1663
581 0.1753
582 0.0677
583 1
